0700,-0.0400,-0.3200,0.3300,0.2700,1.3700,-9.9600,24,-13.0625,2.5000,37.1875,0,0,0,0,-171.5000
187.0000,-1.0625,-57.2958,14.3239,10.7430,60.0283,0.1100,-0.0200,-0.2900,0.3108,0.2300,1.2500,-9.8700,24,-13.5000,1.6875,35.5625,0,0,0,0,-171.5625
187.0625,-1.3750,-3.5810,50.1338,60.8768,78.9443,0.1000,-0.1300,-0.1800,0.2435,0.3200,1.3400,-9.9000,24,-12.6875,3.1875,36.0000,0,0,0,0,-171.2500
187.1875,-1.3750,14.3239,-10.7430,3.5810,18.2595,0.0600,-0.0900,-0.2900,0.3095,0.3900,1.3300,-10.0000,24,-13.0625,2.5000,35.5625,0,0,0,0,-171.1875
187.1875,-1.3750,42.9718,-28.6479,-17.9049,54.6614,0.0700,-0.1400,-0.2600,0.3035,0.3000,1.3600,-9.9700,24,-12.6875,2.7500,36.3750,0,0,0,0,-171.0625
187.0625,-1.1875,-17.9049,-3.5810,-21.4859,28.1967,0.1300,-0.2000,-0.2600,0.3528,0.2700,1.4200,-9.9300,24,-12.6875,2.7500,36.0000,0,0,0,0,-171.2500
187.0625,-1.2500,-35.8099,-28.6479,-14.3239,48.0440,0.0400,-0.1100,-0.2300,0.2581,0.2500,1.3100,-9.9200,24,-13.5000,2.0625,36.3750,0,0,0,0,-171.6875
187.0625,-1.3125,14.3239,-32.2289,-10.7430,36.8685,0.0600,-0.0900,-0.2600,0.2816,0.2800,1.3300,-9.9600,24,-13.0625,4.6875,36.0000,0,0,0,0,-171.8750
187.0625,-1.3125,57.2958,-46.5528,-17.9049,75.9642,0.0500,-0.1500,-0.2500,0.2958,0.2600,1.2500,-10.0200,24,-13.0625,3.5625,36.7500,0,0,0,0,-171.8750
187.0000,-1.3125,42.9718,-17.9049,-17.9049,49.8774,0.0300,-0.0700,-0.1700,0.1863,0.2800,1.2400,-9.9200,24,-12.2500,2.0625,36.0000,0,0,0,0,-172.0625
186.9375,-1.2500,-10.7430,14.3239,17.9049,25.3214,0.0200,-0.0700,-0.2200,0.2317,0.2600,1.2100,-9.9100,24,-12.2500,3.1875,36.0000,0,0,0,0,-172.3750
186.9375,-1.2500,39.3908,-3.5810,-7.1620,40.1965,0.0300,-0.1000,-0.2200,0.2435,0.2700,1.2500,-9.9500,24,-13.6875,3.2500,35.5625,0,0,0,0,-172.4375
186.9375,-1.3125,-57.2958,21.4859,7.1620,61.6096,0.0400,-0.1000,-0.1300,0.1688,0.2600,1.2300,-9.8600,24,-12.5625,2.8750,37.1875,0,0,0,0,-172.3750
186.9375,-1.3125,42.9718,-10.7430,-17.9049,47.7763,0.0300,-0.0700,-0.2400,0.2518,0.2900,1.2100,-9.9500,24,-13.0000,3.2500,35.1875,0,0,0,0,-172.3125
186.8750,-1.3125,-17.9049,-17.9049,-7.1620,26.3148,0.0000,-0.2600,-0.2100,0.3342,0.2400,1.1700,-9.9700,24,-13.0000,3.2500,35.5625,0,0,0,0,-172.4375
186.8750,-1.3125,-60.8768,-7.1620,-7.1620,61.7136,0.0300,-0.0300,-0.2500,0.2536,0.2700,1.2000,-9.9500,24,-13.0000,3.1875,36.7500,0,0,0,0,-172.5000
186.8750,-1.3750,10.7430,0.0000,0.0000,10.7430,0.0300,0.0000,-0.2600,0.2617,0.2500,1.0600,-10.0300,24,-13.3750,3.5625,37.1875,0,0,0,0,-172.6250
186.8750,-1.4375,50.1338,-3.5810,-14.3239,52.2628,0.0300,-0.0800,-0.2000,0.2175,0.2700,1.1800,-9.9700,24,-13.6875,4.7500,36.0000,0,0,0,0,-172.5625
186.8750,-1.3750,32.2289,-7.1620,7.1620,33.7830,0.0600,-0.1000,-0.1500,0.1900,0.2900,1.1700,-9.9100,24,-13.3750,2.5000,36.0000,0,0,0,0,-172.6875
186.8125,-1.3750,-35.8099,-17.9049,-3.5810,40.1965,0.0000,-0.0300,-0.2800,0.2816,0.2700,1.1800,-10.0200,24,-13.6875,4.0000,36.7500,0,0,0,0,-172.7500
186.8750,-1.3750,-46.5528,3.5810,-10.7430,47.9103,0.0100,-0.0300,-0.2000,0.2025,0.2800,1.1800,-9.9500,24,-13.3750,2.0625,34.5000,0,0,0,0,-172.6875
186.8750,-1.3750,68.0387,-10.7430,0.0000,68.8817,0.0700,-0.1600,-0.2200,0.2809,0.3000,1.1100,-9.9700,24,-12.5625,3.1875,35.1875,0,0,0,0,-172.5625
186.8750,-1.3750,3.5810,14.3239,-21.4859,26.0700,0.0600,-0.0800,-0.1500,0.1803,0.2700,1.1600,-9.9200,24,-13.3750,3.1875,35.5625,0,0,0,0,-172.4375
186.7500,-1.3125,39.3908,-14.3239,-28.6479,50.7692,0.0300,-0.0300,-0.1500,0.1559,0.3200,1.1300,-9.9900,24,-13.3750,3.1875,36.3750,0,0,0,0,-172.5625
186.6875,-1.3125,28.6479,28.6479,28.6479,49.6196,0.0300,-0.0700,-0.1800,0.1954,0.2600,1.1200,-9.8900,24,-13.0000,4.0000,36.0000,0,0,0,0,-172.7500
186.7500,-1.3750,-3.5810,-17.9049,14.3239,23.2074,0.0500,-0.0700,-0.2500,0.2644,0.3000,1.1200,-9.9100,24,-13.3750,4.0000,36.3750,0,0,0,0,-172.6875
186.7500,-1.4375,-39.3908,-3.5810,-25.0669,46.8275,0.0700,-0.1000,-0.1800,0.2175,0.3100,1.1300,-9.9600,24,-13.0000,4.0000,36.3750,0,0,0,0,-172.6250
186.6875,-1.4375,-7.1620,-3.5810,3.5810,8.7716,0.0700,-0.0700,-0.2500,0.2689,0.3300,1.1600,-9.9800,24,-12.5625,3.5625,36.0000,0,0,0,0,-172.6250
186.6250,-1.3750,-42.9718,-17.9049,-3.5810,46.6903,0.0100,-0.1100,-0.2400,0.2642,0.2800,1.1200,-9.9500,24,-12.5000,2.5000,35.5625,0,0,0,0,-172.6875
186.3750,-0.6875,999.0952,-232.7641,-107.4296,1031.4608,0.1300,-0.1300,-0.1100,0.2142,0.1200,0.4800,-9.8200,24,-12.0625,5.0625,36.0000,0,0,0,0,-175.6875
183.0000,1.4375,494.1761,-14.3239,-57.2958,497.6927,0.1200,-0.0500,-0.1500,0.1985,-0.1800,-2.2600,-9.4700,24,-14.0000,13.0625,31.2500,0,0,0,0,166.7500
183.8125,0.0625,-1819.1409,225.6021,232.7641,1847.7958,0.1900,-0.0900,-0.1500,0.2583,0.2200,-1.1200,-9.8900,24,-14.5000,11.5625,30.6875,0,0,0,0,172.1250
188.9375,-0.2500,-1174.5634,-547.8909,1464.6234,1955.7365,-0.3300,-0.0300,0.1200,0.3524,0.5400,0.6000,-10.4900,24,-14.5625,6.6875,32.7500,0,0,0,0,-173.5000
194.0625,-10.6875,859.4367,-737.6832,53.7148,1133.8840,-0.0700,0.4800,0.5600,0.7409,1.6100,1.8700,-8.8200,24,-16.8750,1.0000,30.0000,0,0,0,0,-163.8125
191.6250,-7.0000,-859.4367,-802.1409,-426.1374,1250.4616,0.0500,0.4600,-0.4400,0.6385,0.3600,0.5200,-11.4200,24,-14.1875,6.7500,30.8750,0,0,0,0,-168.8125
191.8750,-5.0000,343.7747,-3.5810,984.7713,1043.0571,-0.0300,0.2000,-0.9500,0.9713,0.5500,-0.4100,-10.5200,24,-13.5625,6.3750,29.6875,0,0,0,0,-169.6875
SHOT,MECH
192.1250,-4.3125,21.4859,-311.5458,411.8134,516.8295,-0.1800,0.0000,-0.1600,0.2408,0.5500,1.7500,-9.7800,24,-12.7500,6.7500,29.6875,0,0,0,1,-169.6250
192.2500,-4.2500,121.7535,-307.9648,583.7008,671.0982,-1.3000,-1.3100,-0.6100,1.9438,-0.5800,0.4200,-10.2300,24,-12.7500,6.7500,29.6875,0,0,0,1,-169.6875
192.5625,-4.1250,487.0141,-393.9085,429.7184,759.6081,-0.0400,-0.7000,-0.4700,0.8441,0.6600,1.0100,-10.1000,24,-13.1875,6.0000,28.8750,0,0,0,1,-169.8750
192.6250,-4.0000,497.7571,-383.1655,268.5740,683.1617,0.0900,-0.6100,-0.5600,0.8329,0.7400,1.1300,-10.2900,24,-13.1875,6.0000,28.8750,0,0,0,1,-170.0625
192.6875,-3.8750,307.9648,-311.5458,139.6585,459.7908,0.0900,-0.3700,-0.8200,0.9041,0.7300,1.2500,-10.5600,24,-13.7500,7.0625,29.2500,0,0,0,1,-170.1875
192.7500,-3.8750,-39.3908,-78.7817,128.9155,156.1326,0.0600,-0.6100,-0.9800,1.1559,0.7200,1.0400,-10.6200,24,-13.7500,7.0625,29.2500,0,0,0,1,-170.1875
192.8125,-3.8750,-39.3908,60.8768,89.5247,115.2054,-0.0400,-0.6100,-0.7000,0.9294,0.6200,1.0400,-10.3400,24,-12.6875,6.7500,29.6875,0,0,0,1,-170.1875
192.8125,-3.8750,-82.3627,111.0106,14.3239,138.9681,-0.1000,-0.6700,-0.5500,0.8726,0.5600,0.9700,-10.1900,24,-12.6875,6.7500,29.6875,0,0,0,1,-170.2500
192.8125,-3.9375,-153.9824,118.1725,-161.1444,252.2753,-0.1700,-0.4800,-0.2500,0.5673,0.5000,1.1800,-9.8900,24,-12.6875,6.7500,29.6875,0,0,0,1,-170.1875
192.6875,-3.9375,-290.0599,93.1056,-286.4789,418.1789,-0.0200,-0.2400,0.0500,0.2460,0.6500,1.4500,-9.5700,24,-12.6875,7.0625,30.0625,0,0,0,1,-170.0625
192.5625,-3.9375,-512.0811,10.7430,-307.9648,597.6494,0.0000,-0.0600,0.0900,0.1082,0.6700,1.6500,-9.5300,24,-12.6875,7.0625,30.0625,0,0,0,1,-169.8125
192.4375,-3.8750,-537.1480,-39.3908,-254.2500,595.5859,0.0100,-0.0400,0.0600,0.0728,0.6800,1.7000,-9.5500,24,-12.6875,6.3750,28.5000,0,0,0,1,-169.6250
192.3750,-3.8750,-465.5282,-96.6866,-200.5352,516.0225,-0.0700,-0.2200,0.0000,0.2309,0.5800,1.5500,-9.6100,24,-12.6875,6.3750,28.5000,0,0,0,1,-169.5000
192.3125,-3.7500,-250.6690,-143.2395,-207.6972,355.6552,-0.1500,-0.2100,-0.0900,0.2733,0.5000,1.5900,-9.7500,24,-12.2500,6.3750,28.8750,0,0,0,1,-169.3750
192.2500,-3.6875,-121.7535,-175.4683,-261.4120,337.5638,-0.1200,-0.1400,-0.2500,0.3106,0.5000,1.6600,-9.8700,24,-12.2500,6.3750,28.8750,0,0,0,1,-169.3750
192.1250,-3.5625,-146.8204,-157.5634,-268.5740,344.2593,-0.0500,0.0400,-0.4700,0.4743,0.5600,1.8600,-10.0900,24,-12.2500,6.3750,28.5000,0,0,0,1,-169.3125
192.0625,-3.5000,-182.6303,-103.8486,-247.0881,324.3314,-0.0300,0.1100,-0.5900,0.6009,0.5600,1.9300,-10.2100,24,-12.2500,6.3750,28.5000,0,0,0,1,-169.2500
192.0000,-3.5000,-193.3733,-57.2958,-189.7923,276.9425,-0.0100,0.1900,-0.6200,0.6485,0.5800,2.0300,-10.2300,24,-12.2500,6.3750,28.5000,0,0,0,1,-169.1875
191.9375,-3.5000,-218.4402,10.7430,-111.0106,245.2649,0.0300,0.1200,-0.6700,0.6813,0.6300,1.9000,-10.1700,24,-12.1875,6.3750,30.0625,0,0,0,1,-169.0625
191.9375,-3.5000,-100.2676,85.9437,-32.2289,135.9360,0.0100,0.0600,-0.3600,0.3651,0.6100,1.9200,-9.9600,24,-12.1875,6.3750,30.0625,0,0,0,1,-169.0000
191.9375,-3.5625,-75.2007,85.9437,7.1620,114.4236,0.0200,-0.0100,-0.0400,0.0458,0.6400,1.8400,-9.6400,24,-13.3750,6.3750,28.8750,0,0,0,1,-169.0000
191.9375,-3.5625,-53.7148,46.5528,35.8099,79.5914,-0.0100,0.0000,-0.0100,0.0141,0.6000,1.8700,-9.6100,24,-13.3750,6.3750,28.8750,0,0,0,1,-168.9375
191.9375,-3.5625,-53.7148,-3.5810,71.6197,89.5963,-0.0200,-0.2800,0.0000,0.2807,0.5900,1.5800,-9.6000,24,-12.5625,5.5625,30.7500,0,0,0,1,-168.9375
192.0000,-3.5625,35.8099,-75.2007,53.7148,99.1099,-0.0300,-0.3100,-0.0100,0.3116,0.5700,1.5500,-9.6200,24,-12.5625,5.5625,30.7500,0,0,0,1,-168.9375
192.0000,-3.5000,57.2958,-150.4014,10.7430,161.3035,-0.0400,-0.4600,-0.1500,0.4855,0.5600,1.3900,-9.7600,24,-12.5625,6.3750,28.1875,0,0,0,1,-169.0000
192.0000,-3.4375,39.3908,-182.6303,-64.4578,197.6367,-0.0500,-0.4200,-0.3100,0.5244,0.5400,1.4200,-9.9200,24,-12.5625,6.3750,28.1875,0,0,0,1,-169.0625
191.9375,-3.3750,-7.1620,-164.7254,-139.6585,216.0792,-0.0400,-0.3200,-0.4600,0.5618,0.5300,1.5200,-10.0700,24,-13.0000,6.0000,29.2500,0,0,0,1,-169.0625
191.8750,-3.3125,-60.8768,-93.1056,-193.3733,223.0871,-0.0400,-0.3000,-0.5800,0.6542,0.5200,1.5500,-10.1900,24,-13.0000,6.0000,29.2500,0,0,0,1,-169.0625
191.8125,-3.2500,-39.3908,-28.6479,-207.6972,213.3318,-0.0200,-0.1500,-0.4600,0.4843,0.5400,1.6900,-10.0700,24,-13.0000,6.0000,29.2500,0,0,0,1,-169.0625
191.7500,-3.2500,-60.8768,0.0000,-236.3451,244.0594,0.0200,0.0000,-0.3700,0.3705,0.5800,1.8500,-9.9800,24,-13.2500,6.0000,28.1875,0,0,0,1,-169.0625
191.6250,-3.2500,-89.5247,10.7430,-193.3733,213.3619,0.0300,0.1100,-0.2800,0.3023,0.5900,1.9700,-9.8900,24,-13.2500,6.0000,28.1875,0,0,0,1,-169.0000
191.6250,-3.2500,-107.4296,-17.9049,-125.3345,166.0435,0.0000,0.0800,-0.2500,0.2625,0.5200,1.8900,-9.7500,24,-12.1875,5.2500,28.8750,0,0,0,1,-169.0000
191.5625,-3.2500,-39.3908,-42.9718,-85.9437,103.8486,-0.0600,0.0300,-0.0300,0.0735,0.4900,1.9100,-9.6400,24,-12.1875,5.2500,28.8750,0,0,0,1,-168.9375
191.5625,-3.1875,-10.7430,-93.1056,-42.9718,103.1051,-0.0800,-0.0300,-0.0300,0.0906,0.4600,1.8400,-9.6400,24,-13.0000,6.0000,29.6875,0,0,0,1,-168.9375
191.5625,-3.1250,0.0000,-111.0106,-25.0669,113.8055,-0.0400,-0.0500,-0.1900,0.2005,0.4900,1.8100,-9.8000,24,-13.0000,6.0000,29.6875,0,0,0,1,-168.9375
191.5625,-3.1250,-10.7430,-107.4296,7.1620,108.2027,0.0400,-0.0700,-0.3900,0.3982,0.5700,1.8000,-10.0000,24,-13.0000,6.0000,29.6875,0,0,0,1,-168.9375
191.5625,-3.0625,-35.8099,-93.1056,28.6479,103.7868,0.0300,-0.0600,-0.4300,0.4352,0.5600,1.8000,-10.0400,24,-11.7500,5.5625,30.0625,0,0,0,1,-168.9375
191.5625,-3.0625,-71.6197,-78.7817,35.8099,112.3312,0.0000,-0.1500,-0.4600,0.4838,0.5100,1.7200,-10.0700,24,-11.7500,5.5625,30.0625,0,0,0,1,-168.9375
191.5625,-3.0000,-118.1725,-75.2007,17.9049,141.2108,-0.0200,-0.2400,-0.4200,0.4841,0.4900,1.6300,-10.0300,24,-12.1875,6.3750,28.8750,0,0,0,1,-168.8750
191.5625,-3.0000,-57.2958,-32.2289,-14.3239,67.2806,-0.0400,-0.1500,-0.2400,0.2858,0.4700,1.7300,-9.8500,24,-12.1875,6.3750,28.8750,0,0,0,1,-168.8750
191.5625,-3.0000,-25.0669,-25.0669,-21.4859,41.4529,-0.0500,-0.0600,-0.2000,0.2147,0.4600,1.8100,-9.8100,24,-12.1875,6.0000,28.8750,0,0,0,1,-168.8750
191.5625,-3.0000,-50.1338,-50.1338,-10.7430,71.7092,-0.0400,-0.0200,-0.1500,0.1565,0.4700,1.8300,-9.8000,24,-12.1875,6.0000,28.8750,0,0,0,1,-168.8750
191.5625,-3.0000,-71.6197,-64.4578,0.0000,96.3545,-0.0200,0.0000,-0.3000,0.3007,0.4800,1.8900,-9.9100,24,-12.5625,6.3750,28.8750,0,0,0,1,-168.8750
191.5625,-2.9375,-46.5528,-46.5528,21.4859,69.2530,0.0000,0.0500,-0.4500,0.4528,0.5100,1.9400,-10.0600,24,-12.5625,6.3750,28.8750,0,0,0,1,-168.8125
191.5625,-2.9375,-50.1338,-25.0669,50.1338,75.2007,0.0000,-0.0500,-0.3900,0.3932,0.5000,1.8400,-9.9900,24,-12.5625,6.3750,28.8750,0,0,0,1,-168.8125
191.6250,-2.9375,-35.8099,10.7430,60.8768,71.4405,-0.0500,-0.1100,-0.2500,0.2777,0.4500,1.7800,-9.8600,24,-11.5000,6.0000,28.8750,0,0,0,1,-168.8125
191.6250,-2.9375,-3.5810,-10.7430,60.8768,61.9210,-0.0300,-0.1200,-0.2200,0.2524,0.4700,1.7700,-9.8300,24,-11.5000,6.0000,28.8750,0,0,0,1,-168.8125
191.6250,-2.9375,-32.2289,-53.7148,64.4578,89.8820,0.0000,-0.1100,-0.1200,0.1628,0.4900,1.7800,-9.7300,24,-11.5000,5.5625,28.8750,0,0,0,1,-168.8125
191.6875,-2.8750,-35.8099,-85.9437,53.7148,107.4893,-0.0100,-0.1800,-0.1400,0.2283,0.4800,1.7000,-9.7400,24,-11.5000,5.5625,28.8750,0,0,0,1,-168.8125
191.6875,-2.8750,-7.1620,-93.1056,42.9718,102.7937,-0.0300,-0.1000,-0.2700,0.2895,0.4500,1.7800,-9.8800,24,-12.5625,5.5625,28.0625,0,0,0,1,-168.8125
191.7500,-2.8750,-25.0669,-82.3627,60.8768,105.4417,-0.0400,-0.0700,-0.4000,0.4080,0.4500,1.8100,-10.0100,24,-12.5625,5.5625,28.0625,0,0,0,1,-168.8125
191.7500,-2.8125,-39.3908,-42.9718,68.0387,89.5963,-0.0500,-0.1400,-0.3600,0.3895,0.4300,1.7400,-9.9700,24,-12.1875,6.0000,29.6875,0,0,0,1,-168.8125
191.7500,-2.8125,10.7430,-10.7430,60.8768,62.7439,-0.0100,-0.1800,-0.3200,0.3673,0.4700,1.6900,-9.9400,24,-12.1875,6.0000,29.6875,0,0,0,1,-168.8750
191.8125,-2.8125,0.0000,-35.8099,28.6479,45.8590,0.0100,-0.1000,-0.2500,0.2694,0.5000,1.7700,-9.8600,24,-12.1875,6.0000,29.6875,0,0,0,1,-168.8750
191.8125,-2.8125,-32.2289,-28.6479,25.0669,49.8774,0.0000,-0.0900,-0.2300,0.2470,0.4800,1.7800,-9.8400,24,-12.1875,5.5625,29.6875,0,0,0,1,-168.8750
191.8125,-2.8125,-17.9049,-64.4578,25.0669,71.4405,-0.0100,-0.0600,-0.2100,0.2186,0.4600,1.8100,-9.8200,24,-12.1875,5.5625,29.6875,0,0,0,1,-168.8750
191.8125,-2.8125,0.0000,-60.8768,50.1338,78.8630,-0.0300,-0.0500,-0.3100,0.3154,0.4400,1.8200,-9.9200,24,-12.1875,5.5625,29.6875,0,0,0,1,-168.8750
191.8125,-2.7500,-14.3239,-21.4859,64.4578,69.4379,-0.0600,-0.1600,-0.2200,0.2786,0.4100,1.7100,-9.8300,24,-12.1875,5.5625,29.6875,0,0,0,1,-168.8750
191.8750,-2.7500,-10.7430,-14.3239,50.1338,53.2352,-0.0300,-0.1800,-0.2100,0.2782,0.4400,1.6900,-9.8200,24,-13.0000,5.2500,28.5000,0,0,0,1,-168.9375
191.8750,-2.7500,-21.4859,-39.3908,25.0669,51.3968,-0.0100,-0.2300,-0.0500,0.2356,0.4600,1.6400,-9.6600,24,-13.0000,5.2500,28.5000,0,0,1,1,-168.9375
191.8750,-2.7500,-7.1620,-35.8099,0.0000,36.5190,-0.0400,-0.2000,-0.0500,0.2100,0.4300,1.6600,-9.6600,24,-13.0000,6.3750,29.2500,0,0,1,1,-168.9375
191.8750,-2.7500,3.5810,-28.6479,-25.0669,38.2345,-0.0200,-0.1000,0.0000,0.1020,0.4400,1.7700,-9.6200,24,-13.0000,6.3750,29.2500,0,0,1,1,-168.9375
191.8750,-2.7500,-32.2289,-64.4578,-28.6479,77.5513,-0.0500,-0.0800,0.0300,0.0990,0.4100,1.7800,-9.5700,24,-13.0000,6.3750,29.2500,0,0,1,1,-168.9375
191.8750,-2.6875,-25.0669,-85.9437,-7.1620,89.8107,-0.0300,-0.0400,-0.1000,0.1118,0.4200,1.8200,-9.7100,24,-11.7500,6.3750,30.0625,0,0,1,1,-168.9375
191.8750,-2.6875,-25.0669,-60.8768,17.9049,68.2270,-0.0400,-0.1300,-0.1100,0.1749,0.4100,1.7300,-9.7200,24,-11.7500,6.3750,30.0625,0,0,1,1,-169.0000
191.8750,-2.6250,21.4859,-46.5528,7.1620,51.7697,-0.0400,-0.0900,-0.0400,0.1063,0.4100,1.7700,-9.6600,24,-11.7500,6.3750,29.2500,0,0,1,1,-169.0000
191.8750,-2.6250,14.3239,-53.7148,21.4859,59.5995,-0.0300,-0.0500,-0.0300,0.0656,0.4100,1.8100,-9.6400,24,-11.7500,6.3750,29.2500,0,0,1,1,-169.0000
191.8750,-2.5625,-3.5810,-57.2958,32.2289,65.8356,-0.0600,-0.1000,-0.1100,0.1603,0.3800,1.7600,-9.7200,24,-11.5000,6.0000,30.5000,0,0,1,1,-169.0000
191.8750,-2.5625,-7.1620,-39.3908,35.8099,53.7148,-0.0400,-0.1300,-0.1800,0.2256,0.3900,1.7300,-9.8000,24,-11.5000,6.0000,30.5000,0,0,1,1,-169.0000
191.9375,-2.5625,3.5810,-10.7430,50.1338,51.3968,-0.0400,-0.1300,-0.0400,0.1418,0.3900,1.7200,-9.6600,24,-11.5000,6.0000,30.5000,0,0,1,1,-169.0000
191.9375,-2.5625,10.7430,-25.0669,53.7148,60.2415,-0.0200,-0.1600,-0.0600,0.1720,0.4400,1.6900,-9.6500,24,-12.1875,6.7500,29.2500,0,0,1,1,-169.0000
191.9375,-2.5625,0.0000,-32.2289,32.2289,45.5785,0.0000,-0.1800,-0.0200,0.1811,0.4400,1.6700,-9.6400,24,-12.1875,6.7500,29.2500,0,0,1,1,-169.0000
191.9375,-2.5625,-7.1620,-10.7430,14.3239,19.2842,-0.0200,-0.1600,-0.0200,0.1625,0.4200,1.6800,-9.6400,24,-11.7500,6.0000,29.6875,0,0,1,1,-169.0000
191.9375,-2.5625,10.7430,-7.1620,10.7430,16.7963,-0.0200,-0.1000,-0.0100,0.1025,0.4200,1.7500,-9.6300,24,-11.7500,6.0000,29.6875,0,0,1,1,-169.0625
191.9375,-2.5625,3.5810,-7.1620,39.3908,40.1965,-0.0400,-0.1100,0.0000,0.1170,0.3900,1.7300,-9.6100,24,-12.1875,5.5625,30.0625,0,0,1,1,-169.0625
191.9375,-2.5625,10.7430,-32.2289,46.5528,57.6305,-0.0300,-0.1100,0.0000,0.1140,0.4100,1.7300,-9.6000,24,-12.1875,5.5625,30.0625,0,0,1,1,-169.0625
192.0000,-2.5625,-3.5810,-25.0669,32.2289,40.9863,0.0000,-0.1800,-0.0100,0.1803,0.4300,1.6600,-9.6300,24,-12.1875,6.3750,29.6875,0,0,1,1,-169.0625
192.0000,-2.5625,-10.7430,-42.9718,10.7430,45.5785,0.0100,-0.1700,-0.1500,0.2269,0.4500,1.6700,-9.7700,24,-12.1875,6.3750,29.6875,0,0,1,1,-169.0625
192.0000,-2.5625,-21.4859,-14.3239,-3.5810,26.0700,0.0000,-0.1600,-0.1400,0.2126,0.4400,1.6800,-9.7600,24,-12.1875,6.3750,30.0625,0,0,1,1,-169.0625
192.0000,-2.5625,10.7430,21.4859,-14.3239,27.9684,-0.0300,-0.1300,-0.0200,0.1349,0.4000,1.7100,-9.6400,24,-12.1875,6.3750,30.0625,0,0,1,1,-169.0625
192.0000,-2.5625,21.4859,10.7430,0.0000,24.0220,-0.0100,-0.1600,0.0900,0.1838,0.4200,1.6800,-9.5200,24,-12.1875,6.3750,30.0625,0,0,1,1,-169.1250
192.0000,-2.5625,-10.7430,-21.4859,-10.7430,26.3148,-0.0400,-0.1800,0.0400,0.1887,0.3900,1.6600,-9.5700,24,-12.5625,5.5625,28.8750,0,0,1,1,-169.1250
192.0000,-2.5625,-10.7430,-42.9718,-39.3908,59.2759,-0.0500,-0.1900,0.0100,0.1967,0.3800,1.6500,-9.6000,24,-12.5625,5.5625,28.8750,0,0,1,1,-169.1250
192.0000,-2.5000,21.4859,-39.3908,-39.3908,59.7070,-0.0600,-0.1000,0.0300,0.1204,0.3600,1.7300,-9.5800,24,-11.5000,6.7500,28.5000,0,0,1,1,-169.1250
191.9375,-2.5000,64.4578,-60.8768,-50.1338,101.8537,-0.0500,-0.0300,0.0000,0.0583,0.3700,1.7900,-9.6100,24,-11.5000,6.7500,28.5000,0,0,1,1,-169.1875
191.9375,-2.4375,25.0669,-68.0387,-35.8099,80.8701,-0.0600,-0.1000,-0.1400,0.1822,0.3500,1.7300,-9.7600,24,-11.7500,6.0000,28.8750,0,0,1,1,-169.1875
191.9375,-2.4375,-3.5810,-42.9718,-17.9049,46.6903,-0.0400,-0.0800,-0.1500,0.1746,0.3700,1.7500,-9.7800,24,-11.7500,6.0000,28.8750,0,0,1,1,-169.1875
191.9375,-2.4375,-17.9049,-32.2289,-14.3239,39.5533,-0.0200,-0.0800,0.0000,0.0825,0.3900,1.7400,-9.6100,24,-12.5625,7.0625,28.5000,0,0,1,1,-169.1875
191.9375,-2.4375,-25.0669,-53.7148,-28.6479,65.8356,0.0000,-0.1000,-0.0100,0.1005,0.4000,1.7300,-9.6300,24,-12.5625,7.0625,28.5000,0,0,1,1,-169.1875
191.9375,-2.3750,-14.3239,-57.2958,-35.8099,69.0676,0.0100,-0.0300,0.0200,0.0374,0.4300,1.7900,-9.5900,24,-12.5625,7.0625,28.5000,0,0,1,1,-169.1875
191.9375,-2.3750,3.5810,-53.7148,-17.9049,56.7335,0.0000,0.0000,0.0600,0.0600,0.4100,1.8300,-9.5500,24,-11.7500,6.0000,29.6875,0,0,1,1,-169.1875
191.9375,-2.3125,17.9049,-82.3627,3.5810,84.3624,0.0000,0.0000,0.0700,0.0700,0.3900,1.8300,-9.5400,24,-11.7500,6.0000,29.6875,0,0,1,1,-169.1875
191.9375,-2.3125,0.0000,-118.1725,35.8099,123.4791,-0.0200,-0.0700,-0.0100,0.0735,0.3700,1.7500,-9.6400,24,-12.1875,6.3750,28.8750,0,0,1,1,-169.1875
192.0000,-2.2500,17.9049,-111.0106,42.9718,120.3766,-0.0200,-0.2200,-0.1300,0.2563,0.3600,1.6000,-9.7500,24,-12.1875,6.3750,28.8750,0,0,1,1,-169.1875
192.0000,-2.2500,57.2958,-82.3627,0.0000,100.3315,-0.0300,-0.2700,-0.0800,0.2832,0.3400,1.5400,-9.7100,24,-12.1875,5.5625,29.2500,0,0,1,1,-169.2500
192.0000,-2.1875,28.6479,-71.6197,-50.1338,91.9972,-0.0600,-0.2600,-0.0300,0.2685,0.3100,1.5500,-9.6600,24,-12.1875,5.5625,29.2500,0,0,1,1,-169.3125
191.9375,-2.1250,25.0669,-93.1056,-78.7817,124.5133,-0.0300,-0.0800,-0.0200,0.0877,0.3300,1.7300,-9.6500,24,-12.1875,5.5625,29.2500,0,0,1,1,-169.3125
191.9375,-2.1250,-10.7430,-75.2007,-82.3627,112.0454,0.0000,-0.0800,-0.0800,0.1131,0.3500,1.7300,-9.7100,24,-11.0625,6.3750,29.6875,0,0,1,1,-169.3125
191.8750,-2.0625,35.8099,-64.4578,-71.6197,102.7936,-0.0200,0.0000,-0.0300,0.0361,0.3600,1.8400,-9.6300,24,-11.0625,6.3750,29.6875,0,0,1,1,-169.3125
191.8750,-2.0625,78.7817,-75.2007,-68.0387,128.4172,0.0000,0.0500,-0.0200,0.0539,0.3300,1.8200,-9.6200,24,-12.1875,6.0000,29.6875,0,0,1,1,-169.3125
191.8750,-2.0625,10.7430,-64.4578,-21.4859,68.7885,-0.0200,-0.0500,0.0500,0.0735,0.3200,1.7500,-9.5700,24,-12.1875,6.0000,29.6875,0,0,1,1,-169.3750
191.8750,-2.0000,39.3908,-100.2676,0.0000,107.7276,-0.0300,-0.1200,0.0500,0.1334,0.3100,1.6700,-9.5800,24,-11.5000,5.5625,29.2500,0,0,1,1,-169.3750
191.8750,-1.9375,39.3908,-118.1725,0.0000,124.5648,-0.0800,-0.1500,0.0200,0.1712,0.2500,1.6400,-9.6000,24,-11.5000,5.5625,29.2500,0,0,1,1,-169.3750
191.8750,-1.9375,21.4859,-132.4965,-21.4859,135.9360,-0.0400,-0.1100,-0.0200,0.1187,0.2800,1.6800,-9.6600,24,-11.5000,5.5625,29.2500,0,0,1,1,-169.3750
191.8750,-1.8750,3.5810,-125.3345,-50.1338,135.0369,-0.0300,-0.1000,-0.0700,0.1257,0.2900,1.6900,-9.7100,24,-11.7500,5.2500,30.0625,0,0,1,1,-169.3750
191.8750,-1.8125,28.6479,-128.9155,-46.5528,140.0253,0.0300,0.0400,-0.2300,0.2354,0.3400,1.8400,-9.8600,24,-11.7500,5.2500,30.0625,0,0,1,1,-169.3750
191.8750,-1.8125,0.0000,-64.4578,-3.5810,64.5572,0.0500,-0.0700,-0.1200,0.1476,0.3600,1.7200,-9.7500,24,-11.7500,6.0000,29.2500,0,0,1,1,-169.3750
191.8750,-1.7500,39.3908,-50.1338,7.1620,64.1586,0.0300,-0.0800,-0.1000,0.1315,0.3300,1.7000,-9.7300,24,-11.7500,6.0000,29.2500,0,0,1,1,-169.3750
191.8750,-1.7500,7.1620,-57.2958,10.7430,58.7325,-0.0200,-0.1000,-0.1400,0.1732,0.2800,1.6900,-9.7700,24,-10.6875,5.5625,29.2500,0,0,1,1,-169.4375
191.8750,-1.7500,-7.1620,-32.2289,3.5810,33.2087,-0.0200,-0.1300,-0.0300,0.1349,0.2700,1.6500,-9.6600,24,-10.6875,5.5625,29.2500,0,0,1,1,-169.4375
191.8750,-1.7500,68.0387,-7.1620,-10.7430,69.2530,-0.0200,-0.1100,0.0100,0.1122,0.2800,1.6700,-9.6100,24,-11.7500,5.5625,30.0625,0,0,1,1,-169.4375
191.8750,-1.7500,46.5528,-10.7430,-14.3239,49.8774,-0.0300,-0.1000,0.1000,0.1446,0.2600,1.6800,-9.5300,24,-11.7500,5.5625,30.0625,0,0,1,1,-169.5000
191.8750,-1.7500,39.3908,-50.1338,-7.1620,64.1586,-0.0200,-0.1100,0.1100,0.1568,0.2700,1.6600,-9.5200,24,-11.7500,5.5625,30.0625,0,0,1,1,-169.5000
191.8750,-1.6250,35.8099,-111.0106,-39.3908,123.1151,0.0200,-0.0300,-0.1200,0.1253,0.2900,1.7100,-9.8100,24,-11.5000,5.5625,29.6875,0,0,1,1,-169.5625
191.7500,-1.0625,17.9049,-14.3239,7.1620,24.0220,-0.0200,-0.0800,-0.0300,0.0877,0.1700,1.6400,-9.7000,24,-11.5000,6.0000,28.8750,0,0,1,1,-169.6250
191.5000,-1.3125,393.9085,247.0881,153.9824,489.8234,-0.0100,0.0000,0.1400,0.1404,0.2200,1.7100,-9.1500,24,-11.0625,6.3750,29.2500,0,0,1,1,-170.3750
189.8125,-0.6250,143.2395,863.0177,-469.1092,992.6634,-0.0300,2.2600,0.0200,2.2603,0.1100,3.5300,-8.5900,24,-10.1875,7.0000,30.6875,0,0,1,1,-173.1250
191.2500,-2.3125,-14.3239,243.5071,161.1444,292.3498,-0.2200,0.1300,1.3400,1.3641,0.2600,1.5600,-8.5000,24,-11.2500,6.5625,28.7500,0,0,1,1,-171.3125
SHOT,MECH
191.3750,-1.8750,-143.2395,35.8099,-157.5634,215.9308,-0.1100,0.1500,0.3300,0.3788,-0.9900,1.0400,-9.9100,24,-11.2500,6.8750,28.7500,0,0,1,1,-171.2500
191.3125,-1.8750,-247.0881,268.5740,-82.3627,374.1231,0.2900,-0.6600,-0.1800,0.7430,0.3000,1.9700,-9.2600,24,-11.2500,6.8750,28.3750,0,0,1,1,-171.1875
191.2500,-1.8750,-50.1338,-143.2395,-118.1725,192.3426,0.0500,-0.0400,0.2000,0.2100,0.3700,1.4500,-9.4800,24,-11.2500,6.8750,28.3750,0,0,1,1,-171.1250
191.2500,-1.7500,-14.3239,-196.9542,-107.4296,224.8049,0.0700,0.0200,-0.0300,0.0787,0.3800,1.5200,-9.7100,24,-11.2500,6.8750,28.3750,0,0,1,1,-171.1250
191.1875,-1.6875,-71.6197,-171.8873,-71.6197,199.5095,0.0300,-0.0500,-0.2500,0.2567,0.3300,1.4500,-9.9400,24,-10.8750,6.5625,30.0000,0,0,1,1,-171.1250
191.1875,-1.6250,-68.0387,-132.4965,-53.7148,158.3347,0.0100,-0.1400,-0.2800,0.3132,0.3000,1.3600,-9.9600,24,-10.8750,6.5625,30.0000,0,0,1,1,-171.1250
191.1875,-1.6250,-25.0669,-96.6866,-50.1338,111.7589,-0.0200,-0.0400,-0.1600,0.1661,0.2500,1.4600,-9.8500,24,-10.8750,6.5625,29.5625,0,0,1,1,-171.1250
191.1875,-1.5625,-39.3908,-85.9437,-53.7148,108.7347,0.0700,-0.0300,-0.1700,0.1863,0.3400,1.4700,-9.8600,24,-10.8750,6.5625,29.5625,0,0,1,1,-171.1250
191.1250,-1.5625,-60.8768,-35.8099,-50.1338,86.6125,-0.0400,-0.0100,-0.1900,0.1944,0.2200,1.4900,-9.8800,24,-11.2500,6.5625,29.1875,0,0,1,1,-171.0625
191.1250,-1.5625,-3.5810,25.0669,-21.4859,33.2087,-0.0400,-0.0400,-0.1400,0.1510,0.2200,1.4600,-9.8300,24,-11.2500,6.5625,29.1875,0,0,1,1,-171.0625
191.1250,-1.5625,85.9437,46.5528,-7.1620,98.0040,-0.1000,0.0200,-0.0300,0.1063,0.1800,1.5500,-9.6300,24,-11.5625,6.5625,28.7500,0,0,1,1,-171.0625
191.1250,-1.5625,78.7817,46.5528,14.3239,92.6223,-0.0800,0.0100,0.1600,0.1792,0.1900,1.5200,-9.5100,24,-11.5625,6.5625,28.7500,0,0,1,1,-171.1250
191.1250,-1.5625,32.2289,-17.9049,42.9718,56.6204,-0.0400,-0.0300,0.2200,0.2256,0.2200,1.4600,-9.4600,24,-11.5625,6.5625,28.7500,0,0,1,1,-171.1250
191.1875,-1.5625,25.0669,-64.4578,46.5528,83.3686,-0.0400,-0.1400,0.1100,0.1825,0.2200,1.3500,-9.5600,24,-11.2500,6.5625,29.1875,0,0,1,1,-171.1250
191.1875,-1.5000,46.5528,-82.3627,53.7148,108.7936,-0.0400,-0.1900,0.0000,0.1942,0.2200,1.3100,-9.6800,24,-11.2500,6.5625,29.1875,0,0,1,1,-171.1250
191.1875,-1.5000,82.3627,-64.4578,21.4859,106.7711,-0.0200,-0.2100,-0.0900,0.2293,0.2300,1.2700,-9.7800,24,-11.5625,7.2500,30.3750,0,0,1,1,-171.1875
191.1875,-1.5000,85.9437,-28.6479,-17.9049,92.3450,-0.0200,-0.2000,-0.1000,0.2245,0.2300,1.2700,-9.7900,24,-11.5625,7.2500,30.3750,0,0,1,1,-171.2500
191.1875,-1.5000,3.5810,-14.3239,-53.7148,55.7071,0.0000,-0.1500,-0.0500,0.1581,0.2500,1.3200,-9.7400,24,-11.5625,6.8750,28.3750,0,0,1,1,-171.2500
191.1250,-1.5000,-21.4859,-32.2289,-57.2958,69.1603,0.0000,-0.0600,-0.1100,0.1253,0.2600,1.4100,-9.8000,24,-11.5625,6.8750,28.3750,0,0,1,1,-171.2500
191.1250,-1.5000,-60.8768,-28.6479,-50.1338,83.9052,0.0000,-0.1200,-0.0400,0.1265,0.2500,1.3500,-9.7300,24,-11.5625,6.8750,28.3750,0,0,1,1,-171.2500
191.1250,-1.5000,-71.6197,-28.6479,-75.2007,107.7276,-0.0300,-0.1000,-0.0300,0.1086,0.2200,1.3700,-9.7600,24,-10.8750,7.2500,29.1875,0,0,1,1,-171.2500
191.0625,-1.4375,-14.3239,14.3239,-89.5247,91.7879,-0.0400,-0.1400,-0.0300,0.1487,0.2100,1.3300,-9.7100,24,-10.8750,7.2500,29.1875,0,0,1,1,-171.2500
191.0625,-1.4375,50.1338,17.9049,-107.4296,119.8962,-0.0600,-0.0200,0.0700,0.0943,0.1800,1.4500,-9.6100,24,-10.0625,6.1875,29.5625,0,0,1,1,-171.2500
191.0000,-1.4375,-7.1620,0.0000,-89.5247,89.8107,-0.0400,0.0800,0.0200,0.0917,0.2100,1.5700,-9.6600,24,-10.0625,6.1875,29.5625,0,0,1,1,-171.2500
191.0000,-1.4375,-53.7148,-14.3239,-42.9718,70.2640,-0.0100,0.0000,0.0000,0.0100,0.2300,1.4900,-9.6900,24,-10.8750,6.5625,29.1875,0,0,1,1,-171.2500
191.0000,-1.4375,-21.4859,-10.7430,-14.3239,27.9684,0.0000,-0.0500,-0.0300,0.0583,0.2500,1.4400,-9.7100,24,-10.8750,6.5625,29.1875,0,0,1,1,-171.2500
191.0000,-1.4375,3.5810,3.5810,-14.3239,15.1928,0.0000,0.0000,0.0000,0.0000,0.2400,1.4800,-9.6800,24,-11.5625,6.1875,28.3750,0,0,1,1,-171.2500
191.0000,-1.4375,-42.9718,-32.2289,7.1620,54.1902,0.0000,-0.0700,-0.1100,0.1304,0.2400,1.4100,-9.8000,24,-11.5625,6.1875,28.3750,0,0,1,1,-171.2500
191.0000,-1.4375,-25.0669,0.0000,-3.5810,25.3214,0.0000,-0.1200,-0.1100,0.1628,0.2500,1.3600,-9.8000,24,-11.5625,6.1875,28.3750,0,0,1,1,-171.2500
191.0000,-1.4375,17.9049,17.9049,-7.1620,26.3148,-0.0100,-0.0700,-0.0200,0.0735,0.2300,1.4100,-9.7100,24,-10.8750,7.2500,28.7500,0,0,1,1,-171.2500
191.0000,-1.4375,-7.1620,25.0669,0.0000,26.0700,-0.0200,-0.0900,0.0600,0.1100,0.2200,1.3900,-9.6200,24,-10.8750,7.2500,28.7500,0,0,1,1,-171.2500
191.0000,-1.4375,-17.9049,-7.1620,3.5810,19.6139,0.0100,-0.1100,0.0000,0.1105,0.2600,1.3700,-9.6800,24,-12.0000,5.7500,29.1875,0,0,1,1,-171.2500
191.0000,-1.4375,-60.8768,-10.7430,-10.7430,62.7439,-0.0200,-0.1800,0.0500,0.1879,0.2200,1.3100,-9.6300,24,-12.0000,5.7500,29.1875,0,0,1,1,-171.1875
191.0000,-1.4375,-32.2289,-39.3908,-35.8099,62.2309,0.0000,-0.1700,0.0600,0.1803,0.2400,1.3200,-9.6100,24,-11.2500,6.1875,29.5625,0,0,1,1,-171.1875
190.9375,-1.4375,0.0000,-46.5528,-53.7148,71.0806,0.0000,-0.0700,0.0500,0.0860,0.2400,1.4200,-9.6300,24,-11.2500,6.1875,29.5625,0,0,1,1,-171.1875
190.9375,-1.3750,-21.4859,-50.1338,-57.2958,79.1066,-0.0100,0.0000,-0.0300,0.0316,0.2300,1.4300,-9.7500,24,-11.5625,7.2500,28.7500,0,0,1,1,-171.1875
190.9375,-1.3750,0.0000,-32.2289,-39.3908,50.8954,0.0000,-0.0800,-0.0400,0.0894,0.2400,1.4000,-9.7300,24,-11.5625,7.2500,28.7500,0,0,1,1,-171.1875
190.9375,-1.3750,25.0669,-25.0669,-32.2289,47.9103,0.0000,0.0300,-0.0800,0.0854,0.2400,1.5200,-9.7700,24,-11.5625,7.2500,28.7500,0,0,1,1,-171.2500
190.9375,-1.3750,-28.6479,-32.2289,-7.1620,43.7115,0.0000,0.0700,-0.0400,0.0806,0.2300,1.5600,-9.7300,24,-11.2500,6.8750,29.1875,0,0,1,1,-171.2500
190.9375,-1.3750,-42.9718,-14.3239,28.6479,53.5953,0.0000,-0.0100,-0.0600,0.0608,0.2400,1.4800,-9.7500,24,-11.2500,6.8750,29.1875,0,0,1,1,-171.1875
190.9375,-1.3750,-7.1620,10.7430,42.9718,44.8696,-0.0200,-0.1200,0.0000,0.1217,0.2100,1.3600,-9.6800,24,-11.5625,6.1875,28.3750,0,0,1,1,-171.1875
190.9375,-1.3750,32.2289,7.1620,17.9049,37.5577,0.0100,-0.1300,0.1100,0.1706,0.2500,1.3500,-9.5700,24,-11.5625,6.1875,28.3750,0,0,1,1,-171.1875
190.9375,-1.3750,25.0669,-17.9049,0.0000,30.8048,0.0100,-0.1300,0.1600,0.2064,0.2500,1.3500,-9.5200,24,-11.5625,7.2500,29.5625,0,0,1,1,-171.2500
190.9375,-1.3750,-17.9049,-50.1338,-7.1620,53.7148,0.0000,-0.1300,0.0800,0.1526,0.2400,1.3400,-9.6000,24,-11.5625,7.2500,29.5625,0,0,1,1,-171.2500
190.9375,-1.3750,-60.8768,-68.0387,-10.7430,91.9275,0.0000,-0.1400,-0.0300,0.1432,0.2200,1.3400,-9.7200,24,-11.2500,6.8750,29.5625,0,0,1,1,-171.2500
190.9375,-1.3125,-42.9718,-68.0387,-14.3239,81.7375,0.0000,-0.0900,-0.1000,0.1345,0.2200,1.4000,-9.7900,24,-11.2500,6.8750,29.5625,0,0,1,1,-171.1875
190.9375,-1.3125,-25.0669,-28.6479,-53.7148,65.8356,-0.0300,-0.0700,-0.0800,0.1105,0.1900,1.4100,-9.7700,24,-11.2500,6.8750,29.5625,0,0,1,1,-171.1875
190.9375,-1.3125,-28.6479,-10.7430,-35.8099,47.1005,-0.0300,-0.0200,-0.1700,0.1738,0.1900,1.4600,-9.8600,24,-10.8750,6.8750,29.1875,0,0,1,1,-171.1875
190.8750,-1.3125,-7.1620,7.1620,-28.6479,30.3857,-0.0200,-0.0200,-0.0900,0.0943,0.2000,1.4600,-9.7800,24,-10.8750,6.8750,29.1875,0,0,1,1,-171.2500
190.8750,-1.3125,-10.7430,25.0669,-32.2289,42.2192,0.0000,0.0300,0.0700,0.0762,0.2200,1.5200,-9.6100,24,-10.8750,7.2500,29.5625,0,0,1,1,-171.2500
190.8750,-1.3125,-39.3908,-7.1620,3.5810,40.1965,-0.0100,-0.0200,0.0500,0.0548,0.2100,1.4600,-9.6300,24,-10.8750,7.2500,29.5625,0,0,1,1,-171.1875
190.8750,-1.3125,-25.0669,-3.5810,25.0669,35.6304,-0.0400,-0.0900,0.0300,0.1030,0.1800,1.3900,-9.6500,24,-10.8750,6.1875,29.5625,0,0,1,1,-171.1875
190.8750,-1.3125,17.9049,-10.7430,14.3239,25.3214,-0.0400,-0.1100,-0.0100,0.1175,0.1800,1.3700,-9.7000,24,-10.8750,6.1875,29.5625,0,0,1,1,-171.1875
190.8750,-1.3125,-3.5810,-10.7430,14.3239,18.2595,-0.0100,-0.1200,-0.0100,0.1208,0.2300,1.3600,-9.7100,24,-11.2500,7.2500,28.7500,0,0,1,1,-171.1875
190.8750,-1.3125,-3.5810,-3.5810,-7.1620,8.7716,0.0200,-0.1400,0.0000,0.1414,0.2500,1.3400,-9.6900,24,-11.2500,7.2500,28.7500,0,0,1,1,-171.1875
190.8750,-1.3125,-3.5810,-10.7430,-32.2289,34.1604,0.0000,-0.0300,0.0600,0.0671,0.2200,1.4500,-9.6200,24,-11.2500,7.2500,28.7500,0,0,1,1,-171.2500
190.8750,-1.3125,-32.2289,-28.6479,-25.0669,49.8774,0.0000,-0.0100,0.0000,0.0100,0.2200,1.4700,-9.6900,24,-11.2500,6.8750,30.0000,0,0,1,1,-171.2500
190.8750,-1.3125,-39.3908,-25.0669,-10.7430,47.9103,-0.0400,-0.1100,-0.0500,0.1273,0.1800,1.3700,-9.7400,24,-11.2500,6.8750,30.0000,0,0,1,1,-171.1875
190.8750,-1.3125,7.1620,-21.4859,-14.3239,26.7976,-0.0200,-0.0500,-0.0600,0.0806,0.2000,1.4300,-9.7500,24,-11.2500,5.7500,29.1875,0,0,1,1,-171.1875
190.8750,-1.3125,10.7430,3.5810,-25.0669,27.5061,-0.0100,0.0100,-0.0600,0.0616,0.2100,1.5000,-9.7500,24,-11.2500,5.7500,29.1875,0,0,1,1,-171.2500
190.8750,-1.3125,-10.7430,0.0000,3.5810,11.3241,0.0000,-0.0400,0.0300,0.0500,0.2200,1.4400,-9.6500,24,-11.5625,6.1875,30.0000,0,0,1,1,-171.2500
190.8750,-1.3125,-25.0669,7.1620,7.1620,27.0359,0.0000,-0.0200,-0.0100,0.0224,0.2200,1.4600,-9.7000,24,-11.5625,6.1875,30.0000,0,0,1,1,-171.2500
190.8750,-1.3125,-25.0669,-14.3239,10.7430,30.8048,-0.0200,-0.0600,-0.0200,0.0663,0.2000,1.4200,-9.7100,24,-11.5625,7.2500,29.5625,0,0,1,1,-171.2500
190.8750,-1.3125,0.0000,-17.9049,17.9049,25.3214,-0.0600,-0.0700,0.0300,0.0970,0.1600,1.4100,-9.6500,24,-11.5625,7.2500,29.5625,0,0,1,1,-171.2500
190.8750,-1.3125,25.0669,-28.6479,0.0000,38.0664,-0.0300,-0.0600,0.0500,0.0837,0.1900,1.4200,-9.6300,24,-11.5625,7.2500,29.5625,0,0,1,1,-171.2500
190.8750,-1.3125,3.5810,-39.3908,10.7430,40.9863,0.0100,-0.1000,-0.0200,0.1025,0.2400,1.3800,-9.7100,24,-10.5000,6.1875,29.1875,0,0,1,1,-171.2500
190.8750,-1.2500,0.0000,-50.1338,3.5810,50.2615,-0.0100,-0.1400,-0.0800,0.1616,0.2100,1.3700,-9.7300,24,-10.5000,6.1875,29.1875,0,0,1,1,-171.2500
190.8750,-1.2500,-7.1620,-21.4859,-10.7430,25.0669,-0.0100,-0.1100,-0.0500,0.1212,0.2000,1.3700,-9.7400,24,-10.5000,5.7500,28.3750,0,0,1,1,-171.2500
190.8750,-1.2500,-28.6479,-32.2289,-17.9049,46.6903,-0.0100,-0.0600,-0.0700,0.0927,0.2100,1.4200,-9.7600,24,-10.5000,5.7500,28.3750,0,0,1,1,-171.2500
190.8750,-1.2500,-32.2289,-14.3239,-14.3239,38.0664,-0.0100,-0.0900,-0.1300,0.1584,0.2000,1.3900,-9.8300,24,-10.8750,6.8750,28.3750,0,0,1,1,-171.2500
190.8750,-1.2500,-21.4859,14.3239,-21.4859,33.5926,-0.0100,-0.0500,0.0500,0.0714,0.2000,1.4300,-9.6300,24,-10.8750,6.8750,28.3750,0,0,1,1,-171.2500
190.8750,-1.2500,-7.1620,7.1620,-35.8099,37.2147,-0.0100,-0.0100,0.1300,0.1308,0.2000,1.4700,-9.5500,24,-11.2500,6.5625,28.7500,0,0,1,1,-171.2500
190.8750,-1.2500,-25.0669,-25.0669,0.0000,35.4500,-0.0100,-0.0200,0.0700,0.0735,0.2000,1.4600,-9.6100,24,-11.2500,6.5625,28.7500,0,0,1,1,-171.2500
190.8750,-1.2500,-32.2289,-42.9718,10.7430,54.7786,-0.0100,-0.0400,0.0100,0.0424,0.2200,1.4000,-9.7000,24,-10.8750,7.2500,30.0000,0,0,1,1,-171.2500
190.8750,-1.2500,0.0000,-21.4859,3.5810,21.7823,-0.0500,-0.1100,-0.0400,0.1273,0.1600,1.3700,-9.7300,24,-10.8750,7.2500,30.0000,0,0,1,1,-171.2500
190.8750,-1.2500,35.8099,-17.9049,0.0000,40.0366,-0.0400,-0.0900,-0.0100,0.0990,0.1700,1.3900,-9.7000,24,-10.8750,7.2500,30.0000,0,0,1,1,-171.2500
190.8750,-1.2500,14.3239,-32.2289,3.5810,35.4500,-0.0100,-0.0300,-0.0500,0.0592,0.2000,1.4500,-9.7400,24,-10.8750,6.1875,29.5625,0,0,1,1,-171.2500
190.8750,-1.2500,-46.5528,-21.4859,14.3239,53.2352,-0.0100,-0.0800,-0.1200,0.1446,0.2100,1.3700,-9.8000,24,-10.8750,6.1875,29.5625,0,0,1,1,-171.2500
190.8750,-1.2500,-21.4859,-3.5810,0.0000,21.7823,0.0000,-0.0400,-0.0600,0.0721,0.2100,1.4400,-9.7500,24,-9.7500,5.7500,29.1875,0,0,1,1,-171.1875
190.8750,-1.2500,-17.9049,21.4859,3.5810,28.1967,0.0000,-0.0300,-0.0300,0.0424,0.2100,1.4500,-9.7100,24,-9.7500,5.7500,29.1875,0,0,1,1,-171.1875
190.8750,-1.2500,14.3239,17.9049,7.1620,24.0220,-0.0100,-0.0400,0.1000,0.1082,0.2000,1.4400,-9.5800,24,-10.5000,6.5625,28.7500,0,0,1,1,-171.1875
190.8750,-1.2500,17.9049,-14.3239,0.0000,22.9295,0.0000,-0.0700,0.0600,0.0922,0.2100,1.4100,-9.6200,24,-10.5000,6.5625,28.7500,0,0,1,1,-171.1875
190.8750,-1.2500,21.4859,-28.6479,14.3239,38.5684,0.0000,-0.1000,0.0700,0.1221,0.2100,1.3800,-9.6100,24,-10.5000,7.2500,28.7500,0,0,1,1,-171.1875
190.8750,-1.2500,7.1620,-50.1338,10.7430,51.7697,-0.0300,-0.0700,0.0400,0.0860,0.1800,1.4200,-9.6400,24,-10.5000,7.2500,28.7500,0,0,1,1,-171.1875
190.8750,-1.1875,-28.6479,-57.2958,3.5810,64.1586,-0.0600,-0.0400,-0.0900,0.1153,0.1500,1.4400,-9.7800,24,-11.5625,6.8750,29.1875,0,0,1,1,-171.1875
190.8750,-1.1875,-35.8099,-53.7148,3.5810,64.6564,-0.0300,-0.1100,-0.2600,0.2839,0.1700,1.3800,-9.9400,24,-11.5625,6.8750,29.1875,0,0,1,1,-171.1875
190.8750,-1.1875,10.7430,25.0669,-3.5810,27.5061,-0.0400,-0.0200,-0.1800,0.1855,0.1600,1.4600,-9.8700,24,-11.5625,6.8750,29.1875,0,0,1,1,-171.1875
190.8750,-1.1875,-3.5810,60.8768,7.1620,61.4011,-0.0400,0.0000,-0.0700,0.0806,0.1600,1.4800,-9.7600,24,-11.2500,6.8750,28.0000,0,0,1,1,-171.1875
190.8750,-1.2500,-14.3239,46.5528,17.9049,51.8934,-0.0100,0.0000,0.0600,0.0608,0.1900,1.5000,-9.6200,24,-11.2500,6.8750,28.0000,0,0,1,1,-171.1875
190.9375,-1.2500,-17.9049,21.4859,39.3908,48.3101,-0.0200,-0.0300,0.0900,0.0970,0.1900,1.4500,-9.5900,24,-11.2500,6.1875,29.1875,0,0,1,1,-171.1875
190.9375,-1.2500,28.6479,10.7430,42.9718,52.7512,-0.0300,-0.0800,0.1600,0.1814,0.1800,1.4000,-9.5200,24,-11.2500,6.1875,29.1875,0,0,1,1,-171.1875
190.9375,-1.2500,46.5528,-25.0669,46.5528,70.4463,-0.0300,-0.0400,0.0800,0.0943,0.1800,1.4400,-9.6000,24,-11.5625,7.2500,28.0000,0,0,1,1,-171.1875
190.9375,-1.2500,25.0669,-42.9718,50.1338,70.6281,0.0000,-0.0700,-0.0600,0.0922,0.2100,1.4100,-9.7500,24,-11.5625,7.2500,28.0000,0,0,1,1,-171.2500
191.0000,-1.2500,7.1620,-25.0669,39.3908,47.2365,0.0000,-0.0900,-0.1400,0.1664,0.2200,1.4000,-9.8000,24,-10.8750,6.5625,29.5625,0,0,1,1,-171.2500
191.0000,-1.2500,-17.9049,14.3239,39.3908,45.5785,-0.0100,-0.1300,-0.0900,0.1584,0.2000,1.3500,-9.7800,24,-10.8750,6.5625,29.5625,0,0,1,1,-171.2500
191.0000,-1.2500,0.0000,21.4859,28.6479,35.8099,-0.0200,-0.0900,-0.0400,0.1005,0.1900,1.3900,-9.7300,24,-10.8750,6.5625,29.5625,0,0,1,1,-171.2500
191.0000,-1.2500,-17.9049,10.7430,10.7430,23.4821,-0.0200,-0.0700,-0.0100,0.0735,0.1900,1.4100,-9.7000,24,-10.8750,6.8750,29.1875,0,0,1,1,-171.2500
191.0000,-1.2500,0.0000,14.3239,-3.5810,14.7648,-0.0200,-0.0900,-0.0400,0.1005,0.2100,1.4000,-9.6600,24,-10.8750,6.8750,29.1875,0,0,1,1,-171.2500
191.0000,-1.2500,57.2958,25.0669,-7.1620,62.9480,-0.0100,-0.0200,0.0700,0.0735,0.2000,1.4500,-9.6100,24,-11.2500,6.8750,29.1875,0,0,1,1,-171.2500
191.0000,-1.2500,42.9718,-3.5810,7.1620,43.7115,-0.0200,0.0000,0.1600,0.1612,0.1900,1.4900,-9.5200,24,-11.2500,6.8750,29.1875,0,0,1,1,-171.2500
191.0000,-1.2500,0.0000,-46.5528,39.3908,60.9820,-0.0100,-0.0100,0.0500,0.0520,0.2000,1.4700,-9.6300,24,-10.8750,7.6875,28.0000,0,0,1,1,-171.2500
191.0000,-1.1875,-32.2289,-39.3908,46.5528,68.9747,-0.0300,-0.1500,-0.0700,0.1682,0.1700,1.3200,-9.7600,24,-10.8750,7.6875,28.0000,0,0,1,1,-171.2500
191.0625,-1.1875,39.3908,-14.3239,32.2289,52.8726,-0.0200,-0.1000,-0.0600,0.1183,0.1800,1.3800,-9.7500,24,-12.0000,6.5625,29.5625,0,0,1,1,-171.2500
191.0625,-1.1875,3.5810,-14.3239,28.6479,32.2289,0.0000,-0.0700,-0.0700,0.0990,0.2100,1.4000,-9.7600,24,-12.0000,6.5625,29.5625,0,0,1,1,-171.2500
191.0625,-1.1875,-17.9049,-7.1620,39.3908,43.8579,0.0000,-0.0700,-0.0500,0.0860,0.2000,1.3700,-9.7300,24,-11.2500,6.8750,29.1875,0,0,1,1,-171.2500
191.0625,-1.1875,60.8768,7.1620,35.8099,70.9903,0.0000,-0.0300,-0.0100,0.0316,0.2100,1.4400,-9.7100,24,-11.2500,6.8750,29.1875,0,0,1,1,-171.2500
191.0625,-1.1875,25.0669,-7.1620,50.1338,56.5070,0.0100,-0.0500,-0.0100,0.0520,0.2200,1.4200,-9.7000,24,-11.2500,6.8750,29.1875,0,0,1,1,-171.3125
191.0625,-1.2500,3.5810,-3.5810,50.1338,50.3889,0.0000,-0.0600,0.0000,0.0600,0.2000,1.4100,-9.6900,24,-11.2500,7.2500,29.5625,0,0,1,1,-171.3125
191.1250,-1.2500,-3.5810,7.1620,39.3908,40.1965,-0.0200,-0.1000,0.0000,0.1020,0.1800,1.3700,-9.7000,24,-11.2500,7.2500,29.5625,0,0,1,1,-171.3125
191.1250,-1.2500,3.5810,3.5810,50.1338,50.3889,-0.0300,-0.0900,0.0300,0.0995,0.1800,1.3800,-9.6500,24,-11.5625,6.5625,28.3750,0,0,1,1,-171.3125
191.1250,-1.2500,0.0000,-10.7430,46.5528,47.7763,0.0000,-0.1200,0.0000,0.1200,0.2100,1.3500,-9.6900,24,-11.5625,6.5625,28.3750,0,0,1,1,-171.3125
191.1250,-1.2500,25.0669,3.5810,32.2289,40.9863,0.0000,-0.1100,0.0000,0.1100,0.2100,1.3600,-9.6900,24,-11.5625,6.5625,28.7500,0,0,1,1,-171.3125
191.1875,-1.1875,-21.4859,-21.4859,-50.1338,58.6233,-0.0200,-0.0600,0.0500,0.0806,0.1300,1.4600,-9.6700,24,-11.2500,6.8750,28.3750,0,0,1,1,-171.3125
191.0000,-0.8750,-25.0669,-28.6479,-39.3908,54.7786,-0.0100,0.0000,-0.0100,0.0141,0.1200,1.4900,-9.7000,24,-10.5000,6.8750,28.7500,0,0,1,1,-171.1875
191.0000,-0.8125,-25.0669,-32.2289,7.1620,41.4529,-0.0700,-0.1500,-0.0900,0.1884,0.0800,1.3300,-9.7800,24,-10.0625,6.5625,28.7500,0,0,1,1,-171.2500
191.0625,-0.8125,53.7148,7.1620,57.2958,78.8630,-0.0500,-0.1800,-0.0400,0.1910,0.0800,1.3300,-9.6400,24,-11.2500,6.5625,29.5625,0,0,1,1,-171.3125
191.1875,-0.8125,25.0669,-25.0669,0.0000,35.4500,-0.0500,-0.1400,0.0000,0.1487,0.0700,1.3200,-9.7100,24,-11.5625,6.8750,29.1875,0,0,1,1,-171.4375
191.1250,-0.6250,0.0000,17.9049,-7.1620,19.2842,-0.0700,-0.0900,0.0200,0.1158,0.0800,1.4400,-9.7100,24,-10.8750,6.8750,28.7500,0,3,1,1,-171.5625
191.1875,-0.5625,21.4859,10.7430,-10.7430,26.3148,-0.1000,-0.0700,-0.0400,0.1285,0.0000,1.2700,-9.7700,24,-10.7500,7.2500,28.7500,0,3,1,1,-171.7500
191.5000,-1.9375,1453.8803,-791.3980,1178.1445,2031.7734,-1.0800,-0.6400,2.0800,2.4295,-0.7000,-0.1800,-8.2300,24,-10.7500,10.1875,29.1875,0,3,1,1,-176.0000
190.9375,-2.1250,-71.6197,-487.0141,-279.3169,565.9771,-0.3100,-0.3900,0.8400,0.9766,0.0700,0.7300,-9.6800,24,-11.2500,8.2500,29.1875,0,3,1,1,-173.1250
190.5000,-1.8750,7.1620,-82.3627,-118.1725,144.2209,-0.3000,-0.0100,-0.2400,0.3843,0.0100,1.1800,-9.9700,24,-10.0625,7.0625,29.1875,0,3,1,1,-172.9375
SHOT,MECH
190.5000,-1.8125,-53.7148,-3.5810,-114.5916,126.6070,-1.7000,-1.6000,-0.9500,2.5204,-1.3700,-0.4000,-10.6800,24,-9.6875,7.0625,29.5625,0,3,1,1,-172.9375
190.4375,-1.8125,-125.3345,14.3239,-168.3063,210.3353,-0.1800,-0.1100,-0.2200,0.3048,0.0500,1.1500,-9.7500,24,-9.6875,7.0625,29.5625,0,3,1,1,-172.9375
190.3750,-1.8750,-75.2007,50.1338,-182.6303,203.7704,-0.2600,0.1800,0.0300,0.3176,0.0500,1.3900,-9.6900,24,-10.0625,8.1875,29.1875,0,3,1,1,-172.8750
190.3125,-1.8750,-32.2289,35.8099,-114.5916,124.3072,-0.2800,0.2600,0.1000,0.3950,0.0300,1.4700,-9.6100,24,-10.0625,8.1875,29.1875,0,3,1,1,-172.8750
190.2500,-1.8750,-17.9049,32.2289,-53.7148,65.1503,-0.3000,0.2500,0.1400,0.4148,0.0100,1.4600,-9.5800,24,-10.8750,6.6875,28.7500,0,3,1,1,-172.8750
190.2500,-1.8125,28.6479,21.4859,35.8099,50.6428,-0.3100,0.2200,0.1300,0.4017,-0.0100,1.3700,-9.6000,24,-10.8750,6.6875,28.7500,0,3,1,1,-172.8750
190.3125,-1.8125,75.2007,3.5810,75.2007,106.4101,-0.2900,0.1000,0.1100,0.3259,0.0000,1.3300,-9.6100,24,-10.8750,6.6875,28.7500,0,3,1,1,-172.8125
190.3125,-1.7500,143.2395,-21.4859,125.3345,191.5409,-0.2600,0.2200,-0.1300,0.3646,0.0300,1.4300,-9.8500,24,-10.8750,6.6875,28.7500,0,3,1,1,-172.8750
190.3750,-1.6875,146.8204,17.9049,189.7923,240.6199,-0.2600,0.1800,-0.1100,0.3348,0.0300,1.3800,-9.8300,24,-10.8750,6.6875,28.7500,0,3,1,1,-172.8750
190.5000,-1.6875,146.8204,10.7430,236.3451,278.4433,-0.3100,0.0500,0.0700,0.3217,-0.0100,1.2500,-9.6500,24,-11.1875,7.0625,30.3750,0,3,1,1,-172.9375
190.5625,-1.6250,71.6197,17.9049,232.7641,244.1907,-0.2900,-0.0900,0.1100,0.3230,0.0000,1.0900,-9.6000,24,-11.1875,7.0625,30.3750,0,3,1,1,-173.0000
190.6250,-1.6875,28.6479,-28.6479,182.6303,187.0701,-0.3200,-0.3500,0.1400,0.4945,-0.0300,0.8300,-9.5800,24,-10.8750,6.6875,29.5625,0,3,1,1,-173.0000
190.6875,-1.6250,-3.5810,-71.6197,96.6866,120.3766,-0.3200,-0.4000,-0.0800,0.5185,-0.0400,0.7800,-9.8100,24,-10.8750,6.6875,29.5625,0,3,1,1,-173.0000
190.6875,-1.6250,-14.3239,-17.9049,-35.8099,42.5219,-0.2900,-0.2900,-0.1500,0.4367,-0.0100,0.8800,-9.8800,24,-10.5000,7.0625,29.1875,0,3,1,1,-173.0000
190.6250,-1.5625,17.9049,25.0669,-85.9437,91.2976,-0.2500,-0.1100,-0.1000,0.2909,0.0100,1.0600,-9.8300,24,-10.5000,7.0625,29.1875,0,3,1,1,-173.0625
190.6250,-1.5625,-32.2289,32.2289,-78.7817,91.0162,-0.2200,0.0300,-0.0300,0.2241,0.0400,1.2200,-9.7700,24,-10.5000,7.5000,29.5625,0,3,1,1,-173.0625
190.5625,-1.5000,-93.1056,10.7430,-75.2007,120.1633,-0.2800,0.0400,0.0000,0.2828,-0.0100,1.2300,-9.7300,24,-10.5000,7.5000,29.5625,0,3,1,1,-173.0625
190.5625,-1.5000,-68.0387,25.0669,-60.8768,94.6763,-0.2700,0.0300,0.0500,0.2762,0.0000,1.2200,-9.6700,24,-10.5000,7.5000,29.5625,0,3,1,1,-173.0000
190.5625,-1.5000,-39.3908,7.1620,-57.2958,69.8981,-0.2700,0.0500,0.0400,0.2775,-0.0100,1.2500,-9.6800,24,-10.0625,7.5000,28.3750,0,3,1,1,-173.0000
190.5000,-1.4375,-14.3239,7.1620,-53.7148,56.0513,-0.2400,0.0500,0.0700,0.2550,0.0000,1.2400,-9.6500,24,-10.0625,7.5000,28.3750,0,3,1,1,-172.9375
190.5000,-1.4375,-14.3239,7.1620,-32.2289,35.9885,-0.2600,0.0500,0.0400,0.2678,-0.0100,1.2400,-9.6800,24,-10.5000,6.6875,29.1875,0,3,1,1,-172.9375
190.5000,-1.3750,-17.9049,28.6479,-7.1620,34.5338,-0.2400,0.0000,0.0000,0.2400,0.0000,1.2000,-9.7200,24,-10.5000,6.6875,29.1875,0,3,1,1,-172.9375
190.5000,-1.3750,10.7430,17.9049,3.5810,21.1854,-0.2400,0.0100,0.0400,0.2435,0.0000,1.2100,-9.6800,24,-10.5000,7.0625,28.7500,0,3,1,1,-172.9375
190.5000,-1.3750,14.3239,0.0000,14.3239,20.2571,-0.2400,0.0100,-0.0200,0.2410,0.0000,1.2100,-9.7500,24,-10.5000,7.0625,28.7500,0,3,1,1,-172.9375
190.5000,-1.3125,-10.7430,-3.5810,25.0669,27.5061,-0.2500,-0.0800,-0.0500,0.2672,-0.0100,1.1000,-9.7800,24,-10.5000,7.5000,29.5625,0,3,1,1,-172.9375
190.5000,-1.3125,-3.5810,14.3239,-3.5810,15.1928,-0.2400,-0.0700,-0.0100,0.2502,-0.0100,1.1200,-9.7400,24,-10.5000,7.5000,29.5625,0,3,1,1,-172.9375
190.5000,-1.2500,-17.9049,28.6479,-10.7430,35.4500,-0.2500,0.0000,0.0100,0.2502,-0.0300,1.2000,-9.7100,24,-10.5000,7.5000,29.5625,0,3,1,1,-172.9375
190.5000,-1.2500,-32.2289,32.2289,3.5810,45.7190,-0.2400,0.0100,0.0000,0.2402,-0.0200,1.2100,-9.7200,24,-9.6875,7.5000,29.5625,0,3,1,1,-172.9375
190.5000,-1.2500,-35.8099,32.2289,7.1620,48.7067,-0.2200,-0.0300,0.0100,0.2223,0.0000,1.1500,-9.7100,24,-9.6875,7.5000,29.5625,0,3,1,1,-172.9375
190.5000,-1.1875,-3.5810,21.4859,-7.1620,22.9295,-0.2200,0.0500,0.0300,0.2276,-0.0100,1.2400,-9.6900,24,-10.5000,6.6875,28.7500,0,3,1,1,-172.9375
190.5000,-1.1875,-17.9049,25.0669,-14.3239,33.9722,-0.2200,0.0600,-0.0300,0.2300,-0.0100,1.2500,-9.7600,24,-10.5000,6.6875,28.7500,0,3,1,1,-172.9375
190.5000,-1.1875,-14.3239,32.2289,0.0000,35.2686,-0.2100,0.0500,0.0200,0.2168,0.0000,1.2500,-9.7100,24,-10.0625,7.5000,29.5625,0,3,1,1,-172.9375
190.5000,-1.1875,7.1620,46.5528,32.2289,57.0715,-0.2200,0.0200,0.0400,0.2245,-0.0100,1.2200,-9.6800,24,-10.0625,7.5000,29.5625,0,3,1,1,-172.9375
190.5000,-1.1875,14.3239,21.4859,32.2289,41.2980,-0.2100,-0.0200,0.0200,0.2119,-0.0100,1.1700,-9.7000,24,-10.5000,7.5000,28.3750,0,3,1,1,-172.9375
190.5000,-1.1250,0.0000,21.4859,21.4859,30.3857,-0.2200,-0.0600,-0.0500,0.2335,-0.0200,1.1300,-9.7800,24,-10.5000,7.5000,28.3750,0,3,1,1,-172.9375
190.5000,-1.1250,21.4859,50.1338,-7.1620,55.0122,-0.1900,0.0000,0.0000,0.1900,0.0000,1.2000,-9.7300,24,-10.5000,7.5000,28.3750,0,3,1,1,-172.9375
190.5000,-1.1250,21.4859,39.3908,-3.5810,45.0123,-0.2100,-0.0100,0.0700,0.2216,-0.0100,1.1800,-9.6500,24,-10.5000,7.0625,28.0000,0,3,1,1,-172.9375
190.5000,-1.1250,10.7430,32.2289,-17.9049,38.4018,-0.2200,-0.0100,0.0800,0.2343,-0.0200,1.1800,-9.6400,24,-10.5000,7.0625,28.0000,0,3,1,1,-172.9375
190.5000,-1.1250,3.5810,10.7430,-14.3239,18.2595,-0.2500,0.0600,-0.0500,0.2619,-0.0500,1.2600,-9.7800,24,-9.6875,7.5000,29.5625,0,3,1,1,-172.9375
190.5000,-1.0625,-46.5528,17.9049,0.0000,49.8774,-0.2700,0.0400,-0.1200,0.2982,-0.0800,1.2400,-9.8500,24,-9.6875,7.5000,29.5625,0,3,1,1,-172.9375
190.5000,-1.0625,-35.8099,32.2289,-7.1620,48.7067,-0.2600,-0.0200,-0.0300,0.2625,-0.0700,1.1700,-9.7600,24,-9.6875,7.0625,28.7500,0,3,1,1,-172.9375
190.5000,-1.0625,-3.5810,50.1338,-28.6479,57.8526,-0.2100,0.0900,-0.0500,0.2339,-0.0200,1.2900,-9.7800,24,-9.6875,7.0625,28.7500,0,3,1,1,-172.9375
190.5000,-1.0625,-57.2958,60.8768,-10.7430,84.2864,-0.1900,0.1200,-0.0200,0.2256,0.0000,1.3300,-9.7500,24,-10.5000,7.5000,29.1875,0,3,1,1,-172.8750
190.4375,-1.0625,-64.4578,57.2958,21.4859,88.8777,-0.1700,0.0400,0.0700,0.1881,0.0000,1.2500,-9.6500,24,-10.5000,7.5000,29.1875,0,3,1,1,-172.8750
190.5000,-1.0625,-10.7430,32.2289,53.7148,63.5562,-0.1800,-0.0200,0.1700,0.2484,0.0000,1.1900,-9.5500,24,-10.5000,7.5000,29.1875,0,3,1,1,-172.8750
190.5000,-1.0625,17.9049,3.5810,39.3908,43.4172,-0.1800,-0.0300,0.1400,0.2300,0.0000,1.1800,-9.5800,24,-10.0625,6.6875,28.7500,0,3,1,1,-172.8750
190.5000,-1.0625,17.9049,0.0000,25.0669,30.8048,-0.2000,-0.0300,-0.0300,0.2045,-0.0200,1.1800,-9.7600,24,-10.0625,6.6875,28.7500,0,3,1,1,-172.8750
190.5000,-1.0000,10.7430,17.9049,21.4859,29.9607,-0.2300,-0.0300,-0.0200,0.2328,-0.0500,1.1700,-9.7500,24,-9.0000,6.6875,28.7500,0,3,1,1,-172.8750
190.5000,-1.0000,21.4859,42.9718,-7.1620,48.5749,-0.1900,0.0300,0.0000,0.1924,-0.0100,1.2400,-9.7300,24,-9.0000,6.6875,28.7500,0,3,1,1,-172.8750
190.5000,-1.0000,-14.3239,21.4859,-3.5810,26.0700,-0.1900,0.0200,0.0100,0.1913,-0.0100,1.2300,-9.7100,24,-9.3750,7.0625,28.7500,0,3,1,1,-172.8750
190.5000,-1.0000,-14.3239,10.7430,3.5810,18.2595,-0.2200,0.0000,0.0000,0.2200,-0.0500,1.2000,-9.7200,24,-9.3750,7.0625,28.7500,0,3,1,1,-172.8750
190.5000,-0.9375,-10.7430,21.4859,3.5810,24.2874,-0.2300,-0.0200,0.0100,0.2311,-0.0600,1.1800,-9.7100,24,-9.0000,6.6875,30.0000,0,3,1,1,-172.8750
190.5000,-0.9375,21.4859,25.0669,-17.9049,37.5577,-0.2000,0.0800,0.0100,0.2156,-0.0300,1.2900,-9.7100,24,-9.0000,6.6875,30.0000,0,3,1,1,-172.8750
190.5000,-0.9375,32.2289,7.1620,7.1620,33.7830,-0.1900,0.1600,0.0000,0.2484,-0.0300,1.3700,-9.7200,24,-9.0000,6.6875,30.0000,0,3,1,1,-172.8750
190.5000,-0.8750,-3.5810,17.9049,42.9718,46.6903,-0.1900,0.1200,-0.0100,0.2249,-0.0300,1.3300,-9.7400,24,-10.5000,7.0625,28.7500,0,3,1,1,-172.8750
190.5000,-0.8750,-3.5810,32.2289,68.0387,75.3711,-0.2000,0.0000,0.0400,0.2040,-0.0400,1.2100,-9.6800,24,-10.5000,7.0625,28.7500,0,3,1,1,-172.8750
190.5625,-0.8750,14.3239,14.3239,60.8768,64.1586,-0.1900,-0.0900,0.0200,0.2112,-0.0500,1.1000,-9.7000,24,-10.5000,7.0625,29.5625,0,3,1,1,-172.8750
190.5625,-0.8750,17.9049,21.4859,21.4859,35.2686,-0.1900,-0.1100,-0.0300,0.2216,-0.0400,1.0900,-9.7600,24,-10.5000,7.0625,29.5625,0,3,1,1,-172.8750
190.5625,-0.8125,35.8099,32.2289,-3.5810,48.3101,-0.1900,-0.1000,0.0200,0.2156,-0.0400,1.1000,-9.7100,24,-9.3750,6.6875,29.1875,0,3,1,1,-172.8750
190.5625,-0.8125,28.6479,32.2289,-10.7430,44.4389,-0.1900,0.0400,0.0200,0.1952,-0.0400,1.2500,-9.7000,24,-9.3750,6.6875,29.1875,0,3,1,1,-172.8750
190.5625,-0.8125,-21.4859,28.6479,0.0000,35.8099,-0.1900,0.0000,0.0000,0.1900,-0.0500,1.2000,-9.7300,24,-9.6875,7.5000,28.7500,0,3,1,1,-172.8750
190.5625,-0.8125,3.5810,28.6479,-3.5810,29.0921,-0.1800,0.0400,0.0100,0.1847,-0.0300,1.2500,-9.7100,24,-9.6875,7.5000,28.7500,0,3,1,1,-172.8750
190.5625,-0.8125,35.8099,28.6479,10.7430,47.1005,-0.1700,0.0600,-0.0100,0.1806,-0.0300,1.2700,-9.7400,24,-9.6875,7.5000,28.7500,0,3,1,1,-172.8750
190.5625,-0.8125,14.3239,39.3908,17.9049,45.5785,-0.1700,0.0100,0.0200,0.1715,-0.0300,1.2200,-9.7000,24,-9.3750,7.7500,28.7500,0,3,1,1,-172.8750
190.5625,-0.8125,10.7430,28.6479,3.5810,30.8048,-0.1700,0.0300,0.0600,0.1828,-0.0200,1.2400,-9.6600,24,-9.3750,7.7500,28.7500,0,3,1,1,-172.8750
190.5625,-0.8125,-3.5810,25.0669,21.4859,33.2087,-0.1700,0.0100,-0.0100,0.1706,-0.0500,1.2200,-9.7100,24,-10.0625,7.0625,29.5625,0,3,1,1,-172.8750
190.5625,-0.7500,-3.5810,32.2289,21.4859,38.8995,-0.2200,-0.0300,0.0000,0.2220,-0.0800,1.1700,-9.7200,24,-10.0625,7.0625,29.5625,0,3,1,1,-172.8750
190.5625,-0.7500,28.6479,46.5528,21.4859,58.7325,-0.1900,-0.0300,0.0000,0.1924,-0.0600,1.1700,-9.7200,24,-9.0000,7.7500,29.5625,0,3,1,1,-172.8750
190.5625,-0.7500,39.3908,46.5528,3.5810,61.0871,-0.1800,0.0700,-0.0800,0.2090,-0.0400,1.2800,-9.8200,24,-9.0000,7.7500,29.5625,0,3,1,1,-172.8750
190.5625,-0.7500,21.4859,60.8768,17.9049,66.9941,-0.1800,0.0600,-0.0400,0.1939,-0.0400,1.2700,-9.7700,24,-10.0625,7.5000,28.3750,0,3,1,1,-172.8750
190.5625,-0.8125,-10.7430,75.2007,46.5528,89.0939,-0.1800,-0.0200,-0.0300,0.1836,-0.0400,1.1800,-9.7600,24,-10.0625,7.5000,28.3750,0,3,1,1,-172.8750
190.5625,-0.8125,-7.1620,68.0387,42.9718,80.7907,-0.1800,-0.0300,0.0400,0.1868,-0.0400,1.1700,-9.6800,24,-10.0625,7.5000,28.3750,0,3,1,1,-172.8750
190.5625,-0.8125,10.7430,53.7148,39.3908,67.4710,-0.1800,-0.0300,0.0600,0.1921,-0.0400,1.1700,-9.6600,24,-10.0625,7.0625,29.1875,0,3,1,1,-172.8750
190.5625,-0.8125,3.5810,57.2958,17.9049,60.1350,-0.1600,0.0000,0.0800,0.1789,-0.0100,1.2000,-9.6400,24,-10.0625,7.0625,29.1875,0,3,1,1,-172.8750
190.5625,-0.8125,7.1620,53.7148,14.3239,56.0513,-0.1700,0.0100,0.1000,0.1975,-0.0200,1.2200,-9.6200,24,-9.6875,6.6875,29.5625,0,3,1,1,-172.8750
190.5625,-0.8125,25.0669,42.9718,10.7430,50.8954,-0.1400,0.1300,0.0100,0.1913,0.0000,1.3300,-9.7100,24,-9.6875,6.6875,29.5625,0,3,1,1,-172.8750
190.5625,-0.8125,7.1620,32.2289,35.8099,48.7067,-0.1700,0.0700,-0.0300,0.1863,-0.0200,1.2800,-9.7600,24,-9.3750,7.0625,28.0000,0,3,1,1,-172.8750
190.6250,-0.8125,17.9049,39.3908,57.2958,71.7986,-0.2100,-0.0200,-0.0800,0.2256,-0.0600,1.1800,-9.8100,24,-9.3750,7.0625,28.0000,0,3,1,1,-172.8750
190.6250,-0.8125,25.0669,42.9718,53.7148,73.2134,-0.2200,-0.0500,-0.0400,0.2291,-0.1000,1.1100,-9.7700,24,-9.6875,7.7500,29.1875,0,3,1,1,-172.8750
190.6250,-0.8125,7.1620,68.0387,32.2289,75.6258,-0.2000,-0.0400,-0.0400,0.2078,-0.0500,1.1600,-9.7700,24,-9.6875,7.7500,29.1875,0,3,1,1,-172.8750
190.6250,-0.8125,-21.4859,85.9437,21.4859,91.1570,-0.1600,-0.0300,-0.0300,0.1655,-0.0100,1.1700,-9.7600,24,-9.6875,7.7500,29.1875,0,3,1,1,-172.8750
190.6250,-0.8750,-35.8099,89.5247,10.7430,97.0176,-0.1100,0.0000,0.0700,0.1304,0.0300,1.2000,-9.6500,24,-9.3750,6.6875,28.7500,0,3,1,1,-172.8750
190.6250,-0.8750,-10.7430,78.7817,0.0000,79.5108,-0.1500,0.0300,0.0800,0.1726,0.0000,1.2300,-9.6400,24,-9.3750,6.6875,28.7500,0,3,1,1,-172.8750
190.6250,-0.8750,0.0000,53.7148,10.7430,54.7786,-0.1400,0.0900,0.1000,0.1942,-0.0100,1.3000,-9.6200,24,-10.5000,7.5000,30.0000,0,3,1,1,-172.8750
190.6250,-0.8750,28.6479,42.9718,39.3908,64.9532,-0.1800,0.0300,0.1400,0.2300,-0.0200,1.2400,-9.5800,24,-10.5000,7.5000,30.0000,0,3,1,1,-172.8750
190.6250,-0.8750,64.4578,25.0669,42.9718,81.4232,-0.2000,0.0300,0.0700,0.2140,-0.0400,1.2400,-9.6500,24,-9.3750,7.5000,28.3750,0,3,1,1,-172.8750
190.6250,-0.8750,21.4859,21.4859,50.1338,58.6233,-0.1500,-0.0300,-0.0100,0.1533,0.0000,1.1700,-9.7400,24,-9.3750,7.5000,28.3750,0,3,1,1,-172.8750
190.6875,-0.8750,32.2289,25.0669,28.6479,49.8774,-0.1500,-0.0800,0.0200,0.1712,0.0000,1.1200,-9.7100,24,-10.0625,7.0625,28.7500,0,3,1,1,-172.8750
190.6875,-0.8750,64.4578,35.8099,7.1620,74.0840,-0.1500,0.0200,0.0600,0.1628,0.0000,1.2200,-9.6600,24,-10.0625,7.0625,28.7500,0,3,1,1,-172.9375
190.6875,-0.8750,21.4859,14.3239,-7.1620,26.7976,-0.1400,0.0300,0.0500,0.1517,0.0000,1.2300,-9.6700,24,-10.0625,7.0625,28.7500,0,3,1,1,-172.9375
190.6875,-0.8750,7.1620,3.5810,3.5810,8.7716,-0.1700,-0.0500,0.0800,0.1944,-0.0100,1.1400,-9.6400,24,-9.3750,8.1875,29.5625,0,3,1,1,-172.9375
190.6875,-0.8125,25.0669,0.0000,-3.5810,25.3214,-0.1800,-0.0500,0.0700,0.1995,-0.0300,1.1400,-9.6500,24,-9.3750,8.1875,29.5625,0,3,1,1,-172.9375
190.6875,-0.8125,53.7148,-10.7430,-32.2289,63.5562,-0.2200,0.0400,-0.0200,0.2245,-0.0500,1.2700,-9.7500,24,-10.5000,7.5000,29.5625,0,3,1,1,-172.9375
190.6250,-0.8125,53.7148,-7.1620,-25.0669,59.7070,-0.1800,0.1300,0.0000,0.2220,-0.0400,1.3300,-9.7300,24,-10.5000,7.5000,29.5625,0,3,1,1,-173.0000
190.6250,-0.8125,64.4578,-3.5810,10.7430,65.4449,-0.1900,0.1600,0.0000,0.2484,-0.0500,1.3500,-9.7300,24,-9.0000,6.3750,29.1875,0,3,1,1,-173.0000
190.6250,-0.7500,25.0669,3.5810,28.6479,38.2345,-0.1900,0.1500,-0.1100,0.2659,-0.0500,1.3400,-9.8400,24,-9.0000,6.3750,29.1875,0,3,1,1,-173.0000
190.6875,-0.7500,-14.3239,46.5528,64.4578,80.7907,-0.2000,0.0200,-0.0700,0.2128,-0.0600,1.2100,-9.8100,24,-10.0625,7.5000,29.1875,0,3,1,1,-173.0000
190.6875,-0.7500,46.5528,57.2958,68.0387,100.3954,-0.2100,0.0300,0.0500,0.2179,-0.0700,1.2200,-9.6700,24,-10.0625,7.5000,29.1875,0,3,1,1,-173.0000
190.6875,-0.8125,53.7148,46.5528,71.6197,100.9051,-0.1600,0.0100,0.0300,0.1631,-0.0200,1.2000,-9.6900,24,-10.0625,7.5000,29.1875,0,3,1,1,-173.0000
190.7500,-0.7500,25.0669,32.2289,64.4578,76.3011,-0.1500,-0.0500,0.0100,0.1584,-0.0100,1.1300,-9.7100,24,-10.5000,7.0625,28.7500,0,3,1,1,-173.0000
190.7500,-0.7500,35.8099,32.2289,60.8768,77.6339,-0.1500,-0.0400,0.0700,0.1703,-0.0100,1.1400,-9.6500,24,-10.5000,7.0625,28.7500,0,3,1,1,-173.0000
190.7500,-0.7500,32.2289,14.3239,46.5528,58.4041,-0.1700,-0.0100,0.0200,0.1715,-0.0300,1.1600,-9.7100,24,-9.3750,6.3750,29.5625,0,3,1,1,-173.0625
190.8125,-0.7500,-3.5810,28.6479,35.8099,45.9986,-0.1800,-0.0200,-0.0400,0.1855,-0.0400,1.1600,-9.7700,24,-9.3750,6.3750,29.5625,0,3,1,1,-173.0625
190.8125,-0.7500,32.2289,35.8099,28.6479,56.0513,-0.1900,0.0100,0.0000,0.1903,-0.0600,1.2000,-9.7300,24,-9.3750,6.6875,29.1875,0,3,1,1,-173.0625
190.8125,-0.7500,25.0669,46.5528,28.6479,60.1350,-0.1600,0.0100,-0.0600,0.1712,-0.0300,1.1900,-9.7900,24,-9.3750,6.6875,29.1875,0,3,1,1,-173.0625
190.8125,-0.7500,7.1620,42.9718,35.8099,56.3934,-0.1500,-0.0500,-0.0400,0.1631,-0.0100,1.1200,-9.7700,24,-9.3750,7.5000,28.7500,0,3,1,1,-173.0625
190.8125,-0.7500,14.3239,53.7148,28.6479,62.5392,-0.1700,0.0000,-0.0100,0.1703,-0.0300,1.1800,-9.7500,24,-9.3750,7.5000,28.7500,0,3,1,1,-173.0625
190.8125,-0.7500,-10.7430,71.6197,14.3239,73.8239,-0.1700,-0.0200,0.0400,0.1758,-0.0300,1.1500,-9.6800,24,-9.3750,7.5000,28.7500,0,3,1,1,-173.0625
190.8125,-0.8125,0.0000,60.8768,14.3239,62.5392,-0.1900,0.0600,0.1000,0.2229,-0.0500,1.2400,-9.6200,24,-10.0625,7.0625,28.7500,0,3,1,1,-173.0625
190.7500,-0.8125,17.9049,39.3908,28.6479,51.8934,-0.1900,0.0800,0.0900,0.2249,-0.0500,1.2600,-9.6400,24,-10.0625,7.0625,28.7500,0,3,1,1,-173.0625
190.7500,-0.8125,17.9049,25.0669,32.2289,44.5829,-0.1900,0.0600,0.0500,0.2054,-0.0200,1.1900,-9.7300,24,-9.6875,7.0625,28.7500,0,3,1,1,-173.0625
190.8125,-0.8125,17.9049,39.3908,50.1338,66.2240,-0.1700,-0.0300,0.0100,0.1729,-0.0300,1.1400,-9.7100,24,-9.6875,7.0625,28.7500,0,3,1,1,-173.0625
191.0000,-0.8125,121.7535,82.3627,42.9718,153.1473,-0.2700,0.1600,-0.2100,0.3776,-0.1100,1.3900,-10.1200,24,-9.6875,7.7500,29.1875,0,3,1,1,-173.1250
192.0625,-1.0625,6180.7822,-1586.3769,232.7641,6385.3613,-1.2500,0.8100,0.9900,1.7885,-0.9100,-5.8800,-7.4500,24,-13.0000,30.0625,10.8750,0,3,1,1,147.5000
8.6250,0.3750,2596.2150,-494.1761,-386.7465,2670.9765,-0.1500,-2.0100,0.4200,2.0589,-0.4700,-7.7100,0.5700,24,-12.1875,28.1875,-16.6875,0,3,1,1,92.1250
4.7500,2.4375,17.9049,32.2289,21.4859,42.6724,-0.1100,0.7900,0.2500,0.8359,-0.4300,-9.0300,0.0100,24,-17.0000,26.7500,-8.7500,0,3,1,1,91.6875
4.6875,2.7500,10.7430,32.2289,21.4859,40.1965,-0.0800,0.0600,0.0500,0.1118,-0.5500,-9.7100,-0.0700,24,-17.2500,26.7500,-9.5000,0,3,0,1,90.9375
4.6250,2.8750,-14.3239,-3.5810,3.5810,15.1928,-0.0400,0.1700,0.0300,0.1772,-0.5300,-9.7800,-0.1000,24,-27.0000,-8.5625,-66.6875,0,3,0,0,90.8125
4.6250,2.8750,7.1620,-7.1620,10.7430,14.7648,-0.0700,0.1500,0.0500,0.1729,-0.5400,-9.7300,-0.0400,24,-26.6875,-8.8750,-67.3750,0,3,0,0,90.8125
4.6250,2.8750,7.1620,-17.9049,3.5810,19.6139,-0.0200,0.0500,0.0400,0.0671,-0.5500,-9.6900,-0.0200,24,-27.0000,-7.7500,-68.2500,0,3,0,0,90.8125
DISARMED
