# Sesion:33 Fecha:2026-06-03 21:44:09 Shots:2 Duracion:15,79s
tSeg,ms,qw,qx,qy,qz,filteredElev,filteredYaw,shot
0.0000,2227667,0.720520,-0.677063,-0.033325,0.145813,-8.5937,14.9602,143
0.0100,2227677,0.720825,-0.677124,-0.035034,0.143921,-8.3024,14.9294,0
0.0200,2227687,0.720825,-0.677368,-0.036499,0.142212,-8.0502,14.8921,0
0.0300,2227697,0.720886,-0.677612,-0.038025,0.140503,-7.7927,14.8609,0
0.0400,2227707,0.720947,-0.677795,-0.039490,0.138794,-7.5394,14.8252,0
0.0500,2227717,0.721252,-0.677734,-0.041016,0.137207,-7.2856,14.8080,0
0.0600,2227727,0.721680,-0.677490,-0.042480,0.135620,-7.0334,14.7872,0
0.0700,2227737,0.722839,-0.676636,-0.045349,0.132690,-6.5463,14.7652,0
0.0800,2227747,0.723389,-0.676270,-0.046814,0.131104,-6.2919,14.7456,0
0.0900,2227757,0.723816,-0.676025,-0.048279,0.129517,-6.0400,14.7249,0
0.1000,2227767,0.724243,-0.675781,-0.049866,0.127808,-5.7685,14.7030,0
0.1100,2227777,0.724548,-0.675659,-0.051392,0.126038,-5.5000,14.6701,0
0.1200,2227787,0.724854,-0.675537,-0.052856,0.124268,-5.2366,14.6325,0
0.1300,2227797,0.725159,-0.675415,-0.054260,0.122620,-4.9878,14.6011,0
0.1400,2227807,0.725586,-0.675110,-0.055664,0.121094,-4.7452,14.5811,0
0.1500,2227817,0.725952,-0.674805,-0.056946,0.119690,-4.5227,14.5613,0
0.1600,2227827,0.726501,-0.674438,-0.058167,0.118347,-4.3081,14.5442,0
0.1700,2227837,0.726990,-0.673950,-0.059448,0.117065,-4.0919,14.5356,0
0.1800,2227847,0.727478,-0.673584,-0.060730,0.115784,-3.8773,14.5277,0
0.1900,2227857,0.727905,-0.673218,-0.062012,0.114563,-3.6680,14.5243,0
0.2000,2227867,0.728333,-0.672791,-0.063293,0.113342,-3.4578,14.5204,0
0.2100,2227877,0.728821,-0.672363,-0.064514,0.112122,-3.2524,14.5125,0
0.2200,2227887,0.729248,-0.671936,-0.065674,0.111023,-3.0619,14.5096,0
0.2300,2227897,0.729675,-0.671631,-0.066833,0.109863,-2.8684,14.5022,0
0.2400,2227907,0.729919,-0.671448,-0.067932,0.108643,-2.6782,14.4834,0
0.2500,2227917,0.729980,-0.671448,-0.068970,0.107422,-2.4968,14.4590,0
0.2600,2227927,0.729797,-0.671753,-0.069885,0.106140,-2.3266,14.4194,0
0.2700,2227937,0.729492,-0.672180,-0.070740,0.104797,-2.1593,14.3695,0
0.2800,2227947,0.729248,-0.672607,-0.071655,0.103333,-1.9768,14.3148,0
0.2900,2227957,0.729126,-0.672852,-0.072510,0.101929,-1.8010,14.2608,0
0.3000,2227967,0.729187,-0.672852,-0.073486,0.100464,-1.6059,14.2115,0
0.3100,2227977,0.729492,-0.672607,-0.074463,0.099121,-1.4153,14.1736,0
0.3200,2227987,0.729980,-0.672180,-0.075500,0.097900,-1.2254,14.1515,0
0.3300,2227997,0.731018,-0.671143,-0.077393,0.095581,-0.8679,14.1023,0
0.3400,2228007,0.731384,-0.670837,-0.078186,0.094482,-0.7103,14.0711,0
0.3500,2228017,0.731445,-0.670837,-0.078918,0.093445,-0.5686,14.0397,0
0.3600,2228027,0.731201,-0.671143,-0.079590,0.092346,-0.4333,13.9979,0
0.3700,2228037,0.730896,-0.671570,-0.080322,0.091370,-0.3041,13.9722,0
0.3800,2228047,0.730591,-0.671936,-0.081055,0.090393,-0.1742,13.9461,0
0.3900,2228057,0.730530,-0.671997,-0.081909,0.089539,-0.0381,13.9401,0
0.4000,2228067,0.730652,-0.671936,-0.082825,0.088684,0.1061,13.9397,0
0.4100,2228077,0.730774,-0.671692,-0.083862,0.087830,0.2624,13.9473,0
0.4200,2228087,0.731018,-0.671448,-0.084900,0.086914,0.4246,13.9509,0
0.4300,2228097,0.731201,-0.671265,-0.085876,0.086060,0.5757,13.9549,0
0.4400,2228107,0.731323,-0.671082,-0.086792,0.085205,0.7212,13.9534,0
0.4500,2228117,0.731445,-0.670959,-0.087524,0.084412,0.8460,13.9433,0
0.4600,2228127,0.731384,-0.671021,-0.088257,0.083740,0.9578,13.9438,0
0.4700,2228137,0.731323,-0.671082,-0.088806,0.083130,1.0496,13.9351,0
0.4800,2228147,0.731201,-0.671204,-0.089355,0.082520,1.1402,13.9264,0
0.4900,2228157,0.731140,-0.671265,-0.089844,0.082031,1.2175,13.9234,0
0.5000,2228167,0.731140,-0.671265,-0.090271,0.081543,1.2908,13.9155,0
0.5100,2228177,0.731201,-0.671204,-0.090698,0.081055,1.3654,13.9076,0
0.5200,2228187,0.731262,-0.671143,-0.091187,0.080566,1.4451,13.9046,0
0.5300,2228197,0.731323,-0.671082,-0.091553,0.080017,1.5193,13.8865,0
0.5400,2228207,0.731262,-0.671204,-0.091797,0.079407,1.5849,13.8544,0
0.5500,2228217,0.731201,-0.671326,-0.092102,0.078735,1.6604,13.8219,0
0.5600,2228227,0.731018,-0.671509,-0.092468,0.078064,1.7392,13.7938,0
0.5700,2228237,0.730896,-0.671692,-0.092834,0.077454,1.8140,13.7716,0
0.5800,2228247,0.730774,-0.671814,-0.093750,0.076599,1.9541,13.7719,0
0.5900,2228257,0.730713,-0.671814,-0.094238,0.076294,2.0179,13.7843,0
0.6000,2228267,0.730652,-0.671875,-0.094727,0.076111,2.0717,13.8078,0
0.6100,2228277,0.730469,-0.671997,-0.095215,0.075928,2.1237,13.8310,0
0.6200,2228287,0.730225,-0.672241,-0.095642,0.075806,2.1641,13.8553,0
0.6300,2228297,0.730042,-0.672363,-0.096191,0.075684,2.2164,13.8886,0
0.6400,2228307,0.729858,-0.672485,-0.096680,0.075684,2.2542,13.9275,0
0.6500,2228317,0.729736,-0.672546,-0.097168,0.075684,2.2932,13.9663,0
0.6600,2228327,0.729675,-0.672485,-0.097656,0.075745,2.3292,14.0095,0
0.6700,2228337,0.729675,-0.672485,-0.098083,0.075806,2.3602,14.0490,0
0.6800,2228347,0.729614,-0.672485,-0.098511,0.075806,2.3953,14.0828,0
0.6900,2228357,0.729553,-0.672485,-0.098877,0.075806,2.4252,14.1117,0
0.7000,2228367,0.729370,-0.672607,-0.099243,0.075684,2.4621,14.1305,0
0.7100,2228377,0.729187,-0.672791,-0.099548,0.075623,2.4887,14.1503,0
0.7200,2228387,0.729065,-0.672913,-0.099792,0.075500,2.5161,14.1599,0
0.7300,2228397,0.729004,-0.672913,-0.100037,0.075439,2.5405,14.1738,0
0.7400,2228407,0.729004,-0.672913,-0.100281,0.075439,2.5609,14.1934,0
0.7500,2228417,0.729126,-0.672729,-0.100525,0.075378,2.5890,14.2069,0
0.7600,2228427,0.729248,-0.672607,-0.100830,0.075317,2.6218,14.2259,0
0.7700,2228437,0.729187,-0.672546,-0.101135,0.075256,2.6518,14.2440,0
0.7800,2228447,0.729126,-0.672668,-0.101379,0.075134,2.6799,14.2541,0
0.7900,2228457,0.728943,-0.672852,-0.101624,0.074951,2.7107,14.2587,0
0.8000,2228467,0.728638,-0.673096,-0.101807,0.074768,2.7345,14.2581,0
0.8100,2228477,0.728394,-0.673401,-0.102051,0.074585,2.7636,14.2636,0
0.8200,2228487,0.728149,-0.673645,-0.102356,0.074463,2.7936,14.2786,0
0.8300,2228497,0.727966,-0.673706,-0.103088,0.074402,2.8568,14.3317,0
0.8400,2228507,0.727966,-0.673645,-0.103455,0.074463,2.8832,14.3657,0
0.8500,2228517,0.727966,-0.673584,-0.103882,0.074585,2.9100,14.4099,0
0.8600,2228527,0.727966,-0.673523,-0.104248,0.074707,2.9316,14.4492,0
0.8700,2228537,0.727905,-0.673523,-0.104614,0.074829,2.9521,14.4887,0
0.8800,2228547,0.727722,-0.673584,-0.104919,0.075012,2.9607,14.5281,0
0.8900,2228557,0.727600,-0.673767,-0.105164,0.075134,2.9686,14.5594,0
0.9000,2228567,0.727417,-0.673828,-0.105469,0.075256,2.9819,14.5937,0
0.9100,2228577,0.727295,-0.673950,-0.105713,0.075317,2.9950,14.6190,0
0.9200,2228587,0.727112,-0.674072,-0.105957,0.075439,3.0026,14.6491,0
0.9300,2228597,0.726929,-0.674255,-0.106201,0.075500,3.0145,14.6747,0
0.9400,2228607,0.726685,-0.674438,-0.106323,0.075623,3.0106,14.6951,0
0.9500,2228617,0.726562,-0.674622,-0.106445,0.075745,3.0083,14.7165,0
0.9600,2228627,0.726562,-0.674500,-0.106506,0.075928,3.0003,14.7356,0
0.9700,2228637,0.726685,-0.674377,-0.106567,0.076050,2.9985,14.7505,0
0.9800,2228647,0.726807,-0.674194,-0.106628,0.076172,2.9972,14.7647,0
0.9900,2228657,0.726807,-0.674194,-0.106812,0.076172,3.0125,14.7795,0
1.0000,2228667,0.726685,-0.674316,-0.106995,0.076111,3.0299,14.7896,0
1.0100,2228677,0.726501,-0.674500,-0.107178,0.075867,3.0602,14.7843,0
1.0200,2228687,0.726318,-0.674683,-0.107361,0.075684,3.0858,14.7842,0
1.0300,2228697,0.726318,-0.674683,-0.107544,0.075562,3.1105,14.7887,0
1.0400,2228707,0.726440,-0.674500,-0.107727,0.075500,3.1336,14.7972,0
1.0500,2228717,0.726624,-0.674316,-0.107849,0.075562,3.1429,14.8117,0
1.0600,2228727,0.726685,-0.674255,-0.107971,0.075562,3.1544,14.8214,0
1.0700,2228737,0.726562,-0.674316,-0.107971,0.075562,3.1523,14.8211,0
1.0800,2228747,0.726379,-0.674561,-0.107971,0.075500,3.1527,14.8173,0
1.0900,2228757,0.726074,-0.674866,-0.108032,0.075745,3.1324,14.8441,0
1.1000,2228767,0.726013,-0.674866,-0.108093,0.075928,3.1226,14.8641,0
1.1100,2228777,0.725952,-0.674866,-0.108215,0.076172,3.1131,14.8942,0
1.1200,2228787,0.725891,-0.674927,-0.108337,0.076355,3.1078,14.9199,0
1.1300,2228797,0.725708,-0.675049,-0.108398,0.076538,3.0953,14.9404,0
1.1400,2228807,0.725525,-0.675232,-0.108459,0.076721,3.0823,14.9615,0
1.1500,2228817,0.725281,-0.675476,-0.108521,0.076843,3.0728,14.9777,0
1.1600,2228827,0.725159,-0.675598,-0.108521,0.076904,3.0654,14.9833,0
1.1700,2228837,0.725098,-0.675659,-0.108521,0.076965,3.0594,14.9887,0
1.1800,2228847,0.725037,-0.675720,-0.108521,0.077026,3.0534,14.9941,0
1.1900,2228857,0.725037,-0.675720,-0.108459,0.077026,3.0483,14.9892,0
1.2000,2228867,0.725037,-0.675720,-0.108521,0.077026,3.0534,14.9941,0
1.2100,2228877,0.724976,-0.675781,-0.108521,0.076904,3.0615,14.9840,0
1.2200,2228887,0.724976,-0.675842,-0.108521,0.076721,3.0752,14.9692,0
1.2300,2228897,0.724915,-0.675903,-0.108521,0.076538,3.0881,14.9538,0
1.2400,2228907,0.724792,-0.676086,-0.108398,0.076355,3.0890,14.9295,0
1.2500,2228917,0.724731,-0.676208,-0.108276,0.076172,3.0913,14.9050,0
1.2600,2228927,0.724670,-0.676270,-0.108154,0.076050,3.0893,14.8849,0
1.2700,2228937,0.724731,-0.676270,-0.108032,0.075989,3.0846,14.8703,0
1.2800,2228947,0.724792,-0.676208,-0.107971,0.076111,3.0714,14.8755,0
1.2900,2228957,0.724915,-0.676086,-0.107910,0.076172,3.0641,14.8753,0
1.3000,2228967,0.724976,-0.675964,-0.107849,0.076233,3.0561,14.8746,0
1.3100,2228977,0.725037,-0.675964,-0.107727,0.076355,3.0373,14.8755,0
1.3200,2228987,0.724976,-0.675964,-0.107666,0.076416,3.0267,14.8752,0
1.3300,2228997,0.724976,-0.676025,-0.107544,0.076538,3.0065,14.8764,0
1.3400,2229007,0.724915,-0.676086,-0.107483,0.076599,2.9954,14.8768,0
1.3500,2229017,0.724915,-0.676086,-0.107483,0.076599,2.9954,14.8768,0
1.3600,2229027,0.724915,-0.676086,-0.107422,0.076660,2.9856,14.8770,0
1.3700,2229037,0.724854,-0.676086,-0.107422,0.076660,2.9849,14.8765,0
1.3800,2229047,0.724854,-0.676147,-0.107422,0.076660,2.9843,14.8772,0
1.3900,2229057,0.724854,-0.676147,-0.107361,0.076660,2.9793,14.8723,0
1.4000,2229067,0.724915,-0.676086,-0.107300,0.076599,2.9802,14.8619,0
1.4100,2229077,0.725037,-0.676025,-0.107300,0.076477,2.9917,14.8519,0
1.4200,2229087,0.725098,-0.675903,-0.107239,0.076416,2.9932,14.8408,0
1.4300,2229097,0.725220,-0.675842,-0.107117,0.076355,2.9898,14.8260,0
1.4400,2229107,0.725281,-0.675781,-0.107056,0.076294,2.9908,14.8156,0
1.4500,2229117,0.725342,-0.675720,-0.106934,0.076294,2.9819,14.8055,0
1.4600,2229127,0.725342,-0.675720,-0.106873,0.076355,2.9721,14.8058,0
1.4700,2229137,0.725342,-0.675720,-0.106812,0.076416,2.9623,14.8060,0
1.4800,2229147,0.725342,-0.675781,-0.106812,0.076538,2.9523,14.8171,0
1.4900,2229157,0.725281,-0.675781,-0.106812,0.076721,2.9373,14.8321,0
1.5000,2229167,0.725281,-0.675781,-0.106873,0.076904,2.9282,14.8526,0
1.5100,2229177,0.725220,-0.675781,-0.106934,0.077087,2.9183,14.8726,0
1.5200,2229187,0.725220,-0.675720,-0.106995,0.077209,2.9145,14.8872,0
1.5300,2229197,0.725220,-0.675781,-0.107056,0.077271,2.9143,14.8981,0
1.5400,2229207,0.725159,-0.675781,-0.107117,0.077332,2.9139,14.9077,0
1.5500,2229217,0.725098,-0.675842,-0.107117,0.077454,2.9031,14.9183,0
1.5600,2229227,0.725037,-0.675903,-0.107056,0.077515,2.8920,14.9187,0
1.5700,2229237,0.725037,-0.675903,-0.106934,0.077637,2.8724,14.9192,0
1.5800,2229247,0.725098,-0.675842,-0.106873,0.077698,2.8639,14.9192,0
1.5900,2229257,0.725098,-0.675842,-0.106812,0.077820,2.8493,14.9246,0
1.6000,2229267,0.724976,-0.676025,-0.106812,0.077820,2.8462,14.9257,0
1.6100,2229277,0.724731,-0.676208,-0.106873,0.077820,2.8466,14.9307,0
1.6200,2229287,0.724548,-0.676453,-0.106750,0.077759,2.8368,14.9170,0
1.6300,2229297,0.724426,-0.676575,-0.106628,0.077820,2.8193,14.9126,0
1.6400,2229307,0.724426,-0.676575,-0.106567,0.077881,2.8095,14.9128,0
1.6500,2229317,0.724487,-0.676514,-0.106445,0.078003,2.7912,14.9131,0
1.6600,2229327,0.724609,-0.676392,-0.106262,0.078125,2.7691,14.9082,0
1.6700,2229337,0.724670,-0.676331,-0.106140,0.078247,2.7508,14.9084,0
1.6800,2229347,0.724731,-0.676331,-0.105896,0.078308,2.7265,14.8943,0
1.6900,2229357,0.724731,-0.676392,-0.105713,0.078430,2.7012,14.8905,0
1.7000,2229367,0.724670,-0.676392,-0.105469,0.078491,2.6755,14.8754,0
1.7100,2229377,0.724670,-0.676453,-0.105286,0.078613,2.6502,14.8716,0
1.7200,2229387,0.724670,-0.676453,-0.105103,0.078735,2.6255,14.8671,0
1.7300,2229397,0.724670,-0.676514,-0.104980,0.078918,2.6006,14.8734,0
1.7400,2229407,0.724609,-0.676514,-0.104858,0.079041,2.5803,14.8734,0
1.7500,2229417,0.724670,-0.676514,-0.104736,0.079224,2.5566,14.8796,0
1.7600,2229427,0.724792,-0.676331,-0.104675,0.079346,2.5452,14.8839,0
1.7700,2229437,0.724976,-0.676147,-0.104614,0.079407,2.5393,14.8837,0
1.7800,2229447,0.725159,-0.675964,-0.104614,0.079468,2.5384,14.8883,0
1.7900,2229457,0.725220,-0.675842,-0.104492,0.079468,2.5301,14.8776,0
1.8000,2229467,0.725220,-0.675903,-0.104309,0.079468,2.5143,14.8634,0
1.8100,2229477,0.725159,-0.676025,-0.104065,0.079468,2.4922,14.8445,0
1.8200,2229487,0.725098,-0.676147,-0.103760,0.079468,2.4649,14.8206,0
1.8300,2229497,0.725037,-0.676208,-0.103455,0.079468,2.4383,14.7961,0
1.8400,2229507,0.725159,-0.676147,-0.103210,0.079529,2.4152,14.7819,0
1.8500,2229517,0.725525,-0.675842,-0.102783,0.079712,2.3726,14.7626,0
1.8600,2229527,0.725647,-0.675720,-0.102600,0.079773,2.3552,14.7526,0
1.8700,2229537,0.725708,-0.675598,-0.102539,0.079712,2.3567,14.7417,0
1.8800,2229547,0.725769,-0.675598,-0.102478,0.079773,2.3476,14.7425,0
1.8900,2229557,0.725769,-0.675598,-0.102417,0.079773,2.3425,14.7375,0
1.9000,2229567,0.725769,-0.675598,-0.102356,0.079895,2.3280,14.7430,0
1.9100,2229577,0.725769,-0.675598,-0.102234,0.080017,2.3084,14.7435,0
1.9200,2229587,0.725708,-0.675598,-0.102051,0.080200,2.2782,14.7437,0
1.9300,2229597,0.725708,-0.675659,-0.101929,0.080444,2.2486,14.7553,0
1.9400,2229607,0.725769,-0.675598,-0.101868,0.080688,2.2259,14.7711,0
1.9500,2229617,0.725769,-0.675537,-0.101807,0.080994,2.1977,14.7914,0
1.9600,2229627,0.725830,-0.675476,-0.101746,0.081238,2.1750,14.8072,0
1.9700,2229637,0.725769,-0.675476,-0.101746,0.081421,2.1601,14.8222,0
1.9800,2229647,0.725708,-0.675537,-0.101685,0.081604,2.1396,14.8330,0
1.9900,2229657,0.725586,-0.675659,-0.101685,0.081726,2.1275,14.8437,0
2.0000,2229667,0.725464,-0.675781,-0.101685,0.081848,2.1155,14.8544,0
2.0100,2229677,0.725403,-0.675842,-0.101624,0.081970,2.0997,14.8600,0
2.0200,2229687,0.725403,-0.675842,-0.101685,0.082031,2.1000,14.8701,0
2.0300,2229697,0.725342,-0.675903,-0.101685,0.082031,2.0987,14.8703,0
2.0400,2229707,0.725220,-0.676025,-0.101685,0.082031,2.0962,14.8705,0
2.0500,2229717,0.725098,-0.676147,-0.101685,0.082031,2.0936,14.8708,0
2.0600,2229727,0.724976,-0.676270,-0.101685,0.082031,2.0910,14.8711,0
2.0700,2229737,0.724854,-0.676392,-0.101685,0.082031,2.0885,14.8713,0
2.0800,2229747,0.724854,-0.676392,-0.101624,0.082092,2.0786,14.8716,0
2.0900,2229757,0.724915,-0.676392,-0.101501,0.082153,2.0645,14.8675,0
2.1000,2229767,0.724976,-0.676270,-0.101318,0.082397,2.0322,14.8726,0
2.1100,2229777,0.724915,-0.676331,-0.101196,0.082520,2.0113,14.8733,0
2.1200,2229787,0.724854,-0.676453,-0.101135,0.082581,1.9996,14.8743,0
2.1300,2229797,0.724731,-0.676514,-0.101074,0.082764,1.9783,14.8846,0
2.1400,2229807,0.724731,-0.676575,-0.101013,0.082886,1.9632,14.8907,0
2.1500,2229817,0.724670,-0.676575,-0.100952,0.083069,1.9432,14.9008,0
2.1600,2229827,0.724609,-0.676636,-0.100891,0.083252,1.9227,14.9116,0
2.1700,2229837,0.724548,-0.676697,-0.100891,0.083374,1.9119,14.9221,0
2.1800,2229847,0.724487,-0.676758,-0.100830,0.083374,1.9056,14.9173,0
2.1900,2229857,0.724487,-0.676758,-0.100830,0.083374,1.9056,14.9173,0
2.2000,2229867,0.724487,-0.676697,-0.100830,0.083374,1.9061,14.9166,0
2.2100,2229877,0.724609,-0.676636,-0.100891,0.083313,1.9179,14.9168,0
2.2200,2229887,0.724670,-0.676514,-0.100891,0.083313,1.9198,14.9160,0
2.2300,2229897,0.724670,-0.676575,-0.100891,0.083313,1.9192,14.9167,0
2.2400,2229907,0.724487,-0.676758,-0.100830,0.083374,1.9056,14.9173,0
2.2500,2229917,0.724304,-0.676941,-0.100769,0.083435,1.8919,14.9179,0
2.2600,2229927,0.724243,-0.677063,-0.100708,0.083557,1.8755,14.9241,0
2.2700,2229937,0.724182,-0.677063,-0.100647,0.083801,1.8507,14.9394,0
2.2800,2229947,0.724243,-0.676941,-0.100586,0.084106,1.8239,14.9597,0
2.2900,2229957,0.724365,-0.676819,-0.100525,0.084351,1.8024,14.9753,0
2.3000,2229967,0.724426,-0.676758,-0.100464,0.084534,1.7845,14.9859,0
2.3100,2229977,0.724365,-0.676758,-0.100464,0.084656,1.7743,14.9957,0
2.3200,2229987,0.724365,-0.676819,-0.100464,0.084778,1.7642,15.0068,0
2.3300,2229997,0.724304,-0.676819,-0.100403,0.084839,1.7537,15.0065,0
2.3400,2230007,0.724304,-0.676819,-0.100342,0.084900,1.7439,15.0068,0
2.3500,2230017,0.724304,-0.676819,-0.100281,0.084961,1.7341,15.0070,0
2.3600,2230027,0.724243,-0.676941,-0.100037,0.084961,1.7119,14.9881,0
2.3700,2230037,0.724243,-0.677002,-0.099854,0.084961,1.6961,14.9739,0
2.3800,2230047,0.724243,-0.677002,-0.099670,0.085022,1.6762,14.9643,0
2.3900,2230057,0.724243,-0.676941,-0.099548,0.085144,1.6572,14.9642,0
2.4000,2230067,0.724304,-0.676941,-0.099426,0.085327,1.6335,14.9705,0
2.4100,2230077,0.724304,-0.676941,-0.099243,0.085449,1.6089,14.9661,0
2.4200,2230087,0.724182,-0.677063,-0.099121,0.085632,1.5819,14.9720,0
2.4300,2230097,0.724060,-0.677246,-0.098938,0.085815,1.5493,14.9737,0
2.4400,2230107,0.723816,-0.677429,-0.098877,0.086060,1.5207,14.9893,0
2.4500,2230117,0.723633,-0.677551,-0.098816,0.086304,1.4934,15.0047,0
2.4600,2230127,0.723572,-0.677673,-0.098755,0.086609,1.4628,15.0266,0
2.4700,2230137,0.723572,-0.677612,-0.098755,0.086975,1.4349,15.0571,0
2.4800,2230147,0.723572,-0.677551,-0.098755,0.087280,1.4118,15.0825,0
2.4900,2230157,0.723572,-0.677490,-0.098755,0.087524,1.3935,15.1026,0
2.5000,2230167,0.723511,-0.677551,-0.098755,0.087708,1.3780,15.1183,0
2.5100,2230177,0.723389,-0.677734,-0.098633,0.087830,1.3551,15.1197,0
2.5200,2230187,0.723267,-0.677856,-0.098511,0.088013,1.3282,15.1256,0
2.5300,2230197,0.723206,-0.677917,-0.098389,0.088135,1.3073,15.1262,0
2.5400,2230207,0.723206,-0.677856,-0.098206,0.088257,1.2832,15.1211,0
2.5500,2230217,0.723267,-0.677856,-0.098083,0.088440,1.2596,15.1274,0
2.5600,2230227,0.723206,-0.677856,-0.097961,0.088501,1.2440,15.1222,0
2.5700,2230237,0.723145,-0.678040,-0.097839,0.088501,1.2314,15.1137,0
2.5800,2230247,0.722961,-0.678162,-0.097717,0.088501,1.2180,15.1034,0
2.5900,2230257,0.722961,-0.678223,-0.097656,0.088440,1.2170,15.0939,0
2.6000,2230267,0.723022,-0.678162,-0.097534,0.088440,1.2082,15.0839,0
2.6100,2230277,0.723206,-0.677979,-0.097534,0.088440,1.2121,15.0838,0
2.6200,2230287,0.723206,-0.677979,-0.097473,0.088501,1.2023,15.0840,0
2.6300,2230297,0.723206,-0.677979,-0.097473,0.088562,1.1976,15.0892,0
2.6400,2230307,0.723206,-0.677979,-0.097473,0.088623,1.1928,15.0944,0
2.6500,2230317,0.723206,-0.677917,-0.097473,0.088806,1.1792,15.1094,0
2.6600,2230327,0.723267,-0.677856,-0.097534,0.088928,1.1761,15.1247,0
2.6700,2230337,0.723328,-0.677795,-0.097534,0.088989,1.1727,15.1299,0
2.6800,2230347,0.723267,-0.677856,-0.097534,0.088989,1.1714,15.1299,0
2.6900,2230357,0.723083,-0.677979,-0.097534,0.088989,1.1681,15.1294,0
2.7000,2230367,0.722900,-0.678223,-0.097595,0.088989,1.1686,15.1352,0
2.7100,2230377,0.722717,-0.678406,-0.097595,0.088928,1.1694,15.1302,0
2.7200,2230387,0.722656,-0.678467,-0.097595,0.088928,1.1681,15.1302,0
2.7300,2230397,0.722656,-0.678467,-0.097595,0.088928,1.1681,15.1302,0
2.7400,2230407,0.722717,-0.678406,-0.097534,0.088989,1.1596,15.1304,0
2.7500,2230417,0.722839,-0.678284,-0.097473,0.089050,1.1524,15.1306,0
2.7600,2230427,0.722839,-0.678345,-0.097412,0.089111,1.1420,15.1315,0
2.7700,2230437,0.722839,-0.678345,-0.097351,0.089111,1.1369,15.1266,0
2.7800,2230447,0.722778,-0.678406,-0.097229,0.089111,1.1255,15.1168,0
2.7900,2230457,0.722717,-0.678467,-0.097046,0.089111,1.1090,15.1020,0
2.8000,2230467,0.722717,-0.678467,-0.096924,0.089172,1.0942,15.0973,0
2.8100,2230477,0.722778,-0.678406,-0.096802,0.089294,1.0759,15.0978,0
2.8200,2230487,0.722839,-0.678345,-0.096680,0.089417,1.0576,15.0983,0
2.8300,2230497,0.722839,-0.678345,-0.096619,0.089600,1.0383,15.1090,0
2.8400,2230507,0.722839,-0.678345,-0.096558,0.089722,1.0237,15.1145,0
2.8500,2230517,0.722717,-0.678406,-0.096497,0.089905,1.0025,15.1246,0
2.8600,2230527,0.722595,-0.678528,-0.096497,0.090027,0.9904,15.1351,0
2.8700,2230537,0.722473,-0.678650,-0.096497,0.090271,0.9688,15.1561,0
2.8800,2230547,0.722412,-0.678650,-0.096558,0.090454,0.9589,15.1760,0
2.8900,2230557,0.722351,-0.678711,-0.096558,0.090576,0.9481,15.1865,0
2.9000,2230567,0.722290,-0.678772,-0.096558,0.090698,0.9373,15.1969,0
2.9100,2230577,0.722290,-0.678772,-0.096436,0.090759,0.9225,15.1923,0
2.9200,2230587,0.722412,-0.678650,-0.096313,0.090881,0.9055,15.1927,0
2.9300,2230597,0.722534,-0.678528,-0.096252,0.091003,0.8935,15.1981,0
2.9400,2230607,0.722534,-0.678528,-0.096130,0.091125,0.8739,15.1987,0
2.9500,2230617,0.722534,-0.678528,-0.096069,0.091187,0.8641,15.1990,0
2.9600,2230627,0.722473,-0.678589,-0.096008,0.091248,0.8530,15.1993,0
2.9700,2230637,0.722412,-0.678650,-0.096008,0.091248,0.8517,15.1993,0
2.9800,2230647,0.722473,-0.678589,-0.095947,0.091248,0.8480,15.1944,0
2.9900,2230657,0.722534,-0.678528,-0.095947,0.091309,0.8445,15.1995,0
3.0000,2230667,0.722473,-0.678589,-0.095886,0.091248,0.8429,15.1894,0
3.0100,2230677,0.722412,-0.678711,-0.095825,0.091187,0.8407,15.1800,0
3.0200,2230687,0.722290,-0.678833,-0.095703,0.091064,0.8374,15.1597,0
3.0300,2230697,0.722168,-0.679016,-0.095581,0.091003,0.8288,15.1454,0
3.0400,2230707,0.722168,-0.679077,-0.095398,0.091003,0.8131,15.1312,0
3.0500,2230717,0.722168,-0.679016,-0.095276,0.091003,0.8036,15.1207,0
3.0600,2230727,0.722290,-0.678894,-0.095215,0.091064,0.7964,15.1209,0
3.0700,2230737,0.722412,-0.678772,-0.095215,0.091064,0.7990,15.1209,0
3.0800,2230747,0.722534,-0.678711,-0.095154,0.091125,0.7912,15.1217,0
3.0900,2230757,0.722534,-0.678711,-0.095093,0.091064,0.7909,15.1116,0
3.1000,2230767,0.722473,-0.678772,-0.095032,0.091003,0.7893,15.1015,0
3.1100,2230777,0.722412,-0.678894,-0.094910,0.090942,0.7820,15.0871,0
3.1200,2230787,0.722351,-0.678955,-0.094849,0.090881,0.7804,15.0770,0
3.1300,2230797,0.722412,-0.678894,-0.094788,0.090881,0.7766,15.0720,0
3.1400,2230807,0.722534,-0.678711,-0.094788,0.090942,0.7751,15.0765,0
3.1500,2230817,0.722656,-0.678589,-0.094788,0.091003,0.7729,15.0817,0
3.1600,2230827,0.722717,-0.678528,-0.094727,0.091003,0.7692,15.0767,0
3.1700,2230837,0.722717,-0.678528,-0.094727,0.091064,0.7644,15.0819,0
3.1800,2230847,0.722717,-0.678528,-0.094604,0.091125,0.7496,15.0773,0
3.1900,2230857,0.722717,-0.678528,-0.094543,0.091248,0.7350,15.0828,0
3.2000,2230867,0.722717,-0.678528,-0.094421,0.091370,0.7154,15.0834,0
3.2100,2230877,0.722778,-0.678467,-0.094360,0.091553,0.6974,15.0941,0
3.2200,2230887,0.722717,-0.678528,-0.094238,0.091614,0.6813,15.0895,0
3.2300,2230897,0.722656,-0.678528,-0.094238,0.091736,0.6711,15.0993,0
3.2400,2230907,0.722595,-0.678589,-0.094238,0.091797,0.6651,15.1045,0
3.2500,2230917,0.722595,-0.678589,-0.094299,0.091858,0.6654,15.1146,0
3.2600,2230927,0.722595,-0.678589,-0.094360,0.091980,0.6609,15.1300,0
3.2700,2230937,0.722595,-0.678589,-0.094421,0.092102,0.6565,15.1453,0
3.2800,2230947,0.722534,-0.678589,-0.094482,0.092163,0.6562,15.1549,0
3.2900,2230957,0.722534,-0.678589,-0.094543,0.092285,0.6517,15.1702,0
3.3000,2230967,0.722595,-0.678528,-0.094666,0.092407,0.6536,15.1905,0
3.3100,2230977,0.722534,-0.678528,-0.094727,0.092468,0.6533,15.2000,0
3.3200,2230987,0.722534,-0.678528,-0.094788,0.092529,0.6536,15.2102,0
3.3300,2230997,0.722473,-0.678589,-0.094727,0.092529,0.6472,15.2052,0
3.3400,2231007,0.722473,-0.678589,-0.094727,0.092590,0.6425,15.2105,0
3.3500,2231017,0.722412,-0.678650,-0.094727,0.092590,0.6412,15.2105,0
3.3600,2231027,0.722412,-0.678650,-0.094666,0.092529,0.6409,15.2003,0
3.3700,2231037,0.722351,-0.678772,-0.094604,0.092468,0.6386,15.1908,0
3.3800,2231047,0.722168,-0.678955,-0.094604,0.092346,0.6442,15.1805,0
3.3900,2231057,0.722107,-0.679077,-0.094666,0.092285,0.6520,15.1808,0
3.4000,2231067,0.722046,-0.679077,-0.094666,0.092285,0.6514,15.1802,0
3.4100,2231077,0.722107,-0.679077,-0.094666,0.092346,0.6473,15.1860,0
3.4200,2231087,0.722107,-0.679016,-0.094604,0.092346,0.6429,15.1805,0
3.4300,2231097,0.722168,-0.678955,-0.094604,0.092346,0.6442,15.1805,0
3.4400,2231107,0.722168,-0.679016,-0.094604,0.092407,0.6388,15.1863,0
3.4500,2231117,0.722107,-0.679016,-0.094604,0.092407,0.6381,15.1857,0
3.4600,2231127,0.722168,-0.679016,-0.094543,0.092468,0.6290,15.1866,0
3.4700,2231137,0.722168,-0.678955,-0.094482,0.092529,0.6198,15.1862,0
3.4800,2231147,0.722168,-0.678955,-0.094421,0.092529,0.6148,15.1813,0
3.4900,2231157,0.722107,-0.679016,-0.094421,0.092529,0.6135,15.1813,0
3.5000,2231167,0.721985,-0.679138,-0.094421,0.092529,0.6109,15.1813,0
3.5100,2231177,0.721924,-0.679260,-0.094482,0.092468,0.6187,15.1817,0
3.5200,2231187,0.721924,-0.679260,-0.094604,0.092346,0.6383,15.1812,0
3.5300,2231197,0.721985,-0.679199,-0.094727,0.092224,0.6592,15.1806,0
3.5400,2231207,0.722046,-0.679077,-0.094849,0.092102,0.6808,15.1794,0
3.5500,2231217,0.722168,-0.679016,-0.094910,0.091980,0.6973,15.1745,0
3.5600,2231227,0.722168,-0.678955,-0.094971,0.091919,0.7077,15.1736,0
3.5700,2231237,0.722229,-0.678894,-0.094971,0.091980,0.7043,15.1787,0
3.5800,2231247,0.722351,-0.678772,-0.094971,0.091980,0.7069,15.1787,0
3.5900,2231257,0.722473,-0.678650,-0.094910,0.091980,0.7045,15.1737,0
3.6000,2231267,0.722534,-0.678589,-0.094910,0.092041,0.7010,15.1789,0
3.6100,2231277,0.722595,-0.678528,-0.094971,0.092102,0.7026,15.1891,0
3.6200,2231287,0.722656,-0.678467,-0.095032,0.092163,0.7043,15.1992,0
3.6300,2231297,0.722900,-0.678101,-0.095154,0.092407,0.7019,15.2285,0
3.6400,2231307,0.723022,-0.677979,-0.095215,0.092529,0.7001,15.2439,0
3.6500,2231317,0.723022,-0.677979,-0.095337,0.092590,0.7055,15.2589,0
3.6600,2231327,0.722900,-0.678040,-0.095337,0.092651,0.6988,15.2636,0
3.6700,2231337,0.722839,-0.678101,-0.095337,0.092773,0.6880,15.2740,0
3.6800,2231347,0.722778,-0.678162,-0.095337,0.092896,0.6772,15.2845,0
3.6900,2231357,0.722839,-0.678040,-0.095337,0.093018,0.6697,15.2942,0
3.7000,2231367,0.723022,-0.677856,-0.095398,0.093140,0.6692,15.3096,0
3.7100,2231377,0.723083,-0.677734,-0.095459,0.093201,0.6715,15.3191,0
3.7200,2231387,0.723083,-0.677734,-0.095459,0.093201,0.6715,15.3191,0
3.7300,2231397,0.723022,-0.677856,-0.095459,0.093201,0.6695,15.3197,0
3.7400,2231407,0.722900,-0.677979,-0.095459,0.093262,0.6621,15.3250,0
3.7500,2231417,0.722839,-0.678040,-0.095337,0.093262,0.6507,15.3151,0
3.7600,2231427,0.722778,-0.678101,-0.095215,0.093262,0.6393,15.3053,0
3.7700,2231437,0.722839,-0.678040,-0.095154,0.093384,0.6260,15.3108,0
3.7800,2231447,0.722900,-0.677917,-0.095093,0.093445,0.6182,15.3104,0
3.7900,2231457,0.722961,-0.677917,-0.095032,0.093506,0.6091,15.3114,0
3.8000,2231467,0.722961,-0.677917,-0.094971,0.093567,0.5993,15.3117,0
3.8100,2231477,0.722961,-0.677917,-0.094910,0.093628,0.5895,15.3120,0
3.8200,2231487,0.722900,-0.677917,-0.094849,0.093689,0.5790,15.3116,0
3.8300,2231497,0.722900,-0.677917,-0.094849,0.093811,0.5695,15.3221,0
3.8400,2231507,0.722900,-0.677917,-0.094849,0.093994,0.5553,15.3377,0
3.8500,2231517,0.722900,-0.677917,-0.094849,0.094177,0.5411,15.3534,0
3.8600,2231527,0.722961,-0.677856,-0.094849,0.094360,0.5282,15.3691,0
3.8700,2231537,0.722961,-0.677734,-0.094910,0.094604,0.5156,15.3936,0
3.8800,2231547,0.723022,-0.677673,-0.094849,0.094910,0.4882,15.4149,0
3.8900,2231557,0.722961,-0.677673,-0.094727,0.095032,0.4679,15.4148,0
3.9000,2231567,0.722900,-0.677795,-0.094666,0.095093,0.4561,15.4158,0
3.9100,2231577,0.722900,-0.677795,-0.094604,0.095154,0.4463,15.4161,0
3.9200,2231587,0.722839,-0.677856,-0.094543,0.095215,0.4352,15.4164,0
3.9300,2231597,0.722839,-0.677856,-0.094543,0.095215,0.4352,15.4164,0
3.9400,2231607,0.722839,-0.677856,-0.094482,0.095154,0.4349,15.4062,0
3.9500,2231617,0.722778,-0.677917,-0.094421,0.095093,0.4332,15.3961,0
3.9600,2231627,0.722778,-0.677979,-0.094360,0.095032,0.4323,15.3866,0
3.9700,2231637,0.722839,-0.677917,-0.094299,0.094971,0.4333,15.3764,0
3.9800,2231647,0.722961,-0.677795,-0.094299,0.094971,0.4359,15.3764,0
3.9900,2231657,0.723145,-0.677612,-0.094238,0.094971,0.4348,15.3715,0
4.0000,2231667,0.723267,-0.677490,-0.094177,0.094971,0.4324,15.3666,0
4.0100,2231677,0.723389,-0.677429,-0.094116,0.094910,0.4341,15.3571,0
4.0200,2231687,0.723267,-0.677490,-0.094055,0.094849,0.4318,15.3463,0
4.0300,2231697,0.723145,-0.677673,-0.093994,0.094788,0.4282,15.3368,0
4.0400,2231707,0.723022,-0.677795,-0.093994,0.094727,0.4303,15.3315,0
4.0500,2231717,0.722961,-0.677856,-0.093994,0.094727,0.4289,15.3315,0
4.0600,2231727,0.723022,-0.677795,-0.093994,0.094727,0.4303,15.3315,0
4.0700,2231737,0.723145,-0.677734,-0.093994,0.094788,0.4275,15.3374,0
4.0800,2231747,0.723145,-0.677612,-0.094055,0.094788,0.4339,15.3411,0
4.0900,2231757,0.723145,-0.677612,-0.094116,0.094788,0.4389,15.3460,0
4.1000,2231767,0.723145,-0.677673,-0.094177,0.094727,0.4481,15.3463,0
4.1100,2231777,0.723083,-0.677673,-0.094299,0.094604,0.4670,15.3451,0
4.1200,2231787,0.723145,-0.677673,-0.094299,0.094543,0.4724,15.3405,0
4.1300,2231797,0.723145,-0.677673,-0.094299,0.094543,0.4724,15.3405,0
4.1400,2231807,0.723267,-0.677551,-0.094116,0.094482,0.4646,15.3205,0
4.1500,2231817,0.723267,-0.677612,-0.093994,0.094482,0.4538,15.3113,0
4.1600,2231827,0.723267,-0.677612,-0.093933,0.094421,0.4535,15.3011,0
4.1700,2231837,0.723206,-0.677673,-0.093933,0.094421,0.4522,15.3011,0
4.1800,2231847,0.723145,-0.677734,-0.093933,0.094421,0.4509,15.3011,0
4.1900,2231857,0.723083,-0.677795,-0.093994,0.094421,0.4546,15.3061,0
4.2000,2231867,0.723022,-0.677856,-0.094055,0.094421,0.4584,15.3110,0
4.2100,2231877,0.723022,-0.677795,-0.094116,0.094543,0.4546,15.3257,0
4.2200,2231887,0.723022,-0.677795,-0.094177,0.094604,0.4549,15.3359,0
4.2300,2231897,0.723022,-0.677734,-0.094299,0.094666,0.4609,15.3503,0
4.2400,2231907,0.723083,-0.677673,-0.094360,0.094788,0.4578,15.3657,0
4.2500,2231917,0.723083,-0.677673,-0.094360,0.094849,0.4531,15.3709,0
4.2600,2231927,0.723022,-0.677673,-0.094360,0.094971,0.4430,15.3807,0
4.2700,2231937,0.723083,-0.677673,-0.094360,0.095093,0.4341,15.3918,0
4.2800,2231947,0.723145,-0.677551,-0.094238,0.095276,0.4118,15.3970,0
4.2900,2231957,0.723328,-0.677368,-0.094177,0.095459,0.3965,15.4078,0
4.3000,2231967,0.723450,-0.677246,-0.094116,0.095642,0.3799,15.4186,0
4.3100,2231977,0.723450,-0.677185,-0.093994,0.095764,0.3610,15.4186,0
4.3200,2231987,0.723389,-0.677246,-0.093933,0.095825,0.3498,15.4189,0
4.3300,2231997,0.723267,-0.677368,-0.093872,0.095886,0.3374,15.4192,0
4.3400,2232007,0.723206,-0.677490,-0.093872,0.095886,0.3354,15.4198,0
4.3500,2232017,0.723206,-0.677490,-0.093872,0.095886,0.3354,15.4198,0
4.3600,2232027,0.723267,-0.677429,-0.093872,0.095886,0.3367,15.4199,0
4.3700,2232037,0.723389,-0.677307,-0.093811,0.095947,0.3296,15.4202,0
4.3800,2232047,0.723450,-0.677246,-0.093811,0.095947,0.3309,15.4202,0
4.3900,2232057,0.723389,-0.677307,-0.093811,0.095947,0.3296,15.4202,0
4.4000,2232067,0.723267,-0.677368,-0.093872,0.095886,0.3374,15.4192,0
4.4100,2232077,0.723206,-0.677429,-0.093811,0.095947,0.3263,15.4195,0
4.4200,2232087,0.723206,-0.677429,-0.093750,0.096008,0.3165,15.4198,0
4.4300,2232097,0.723267,-0.677429,-0.093750,0.096069,0.3124,15.4257,0
4.4400,2232107,0.723328,-0.677368,-0.093750,0.096130,0.3090,15.4310,0
4.4500,2232117,0.723389,-0.677246,-0.093689,0.096130,0.3059,15.4254,0
4.4600,2232127,0.723389,-0.677246,-0.093689,0.096130,0.3059,15.4254,0
4.4700,2232137,0.723389,-0.677246,-0.093750,0.096191,0.3062,15.4356,0
4.4800,2232147,0.723389,-0.677246,-0.093811,0.096252,0.3066,15.4457,0
4.4900,2232157,0.723389,-0.677246,-0.093811,0.096252,0.3066,15.4457,0
4.5000,2232167,0.723389,-0.677246,-0.093811,0.096252,0.3066,15.4457,0
4.5100,2232177,0.723328,-0.677246,-0.093872,0.096252,0.3110,15.4500,0
4.5200,2232187,0.723328,-0.677246,-0.093872,0.096375,0.3015,15.4605,0
4.5300,2232197,0.723328,-0.677246,-0.093872,0.096497,0.2920,15.4710,0
4.5400,2232207,0.723328,-0.677246,-0.093872,0.096619,0.2825,15.4814,0
4.5500,2232217,0.723267,-0.677246,-0.093811,0.096741,0.2674,15.4863,0
4.5600,2232227,0.723267,-0.677246,-0.093750,0.096802,0.2576,15.4867,0
4.5700,2232237,0.723328,-0.677185,-0.093689,0.096924,0.2444,15.4922,0
4.5800,2232247,0.723450,-0.677124,-0.093628,0.096924,0.2413,15.4880,0
4.5900,2232257,0.723511,-0.677002,-0.093628,0.096924,0.2433,15.4874,0
4.6000,2232267,0.723572,-0.676941,-0.093628,0.096924,0.2446,15.4874,0
4.6100,2232277,0.723633,-0.676880,-0.093689,0.096924,0.2510,15.4923,0
4.6200,2232287,0.723633,-0.676880,-0.093628,0.096802,0.2554,15.4770,0
4.6300,2232297,0.723694,-0.676880,-0.093628,0.096680,0.2656,15.4671,0
4.6400,2232307,0.723694,-0.676880,-0.093567,0.096619,0.2652,15.4570,0
4.6500,2232317,0.723694,-0.676880,-0.093567,0.096619,0.2652,15.4570,0
4.6600,2232327,0.723694,-0.676880,-0.093567,0.096619,0.2652,15.4570,0
4.6700,2232337,0.723694,-0.676880,-0.093567,0.096619,0.2652,15.4570,0
4.6800,2232347,0.723694,-0.676880,-0.093506,0.096680,0.2554,15.4573,0
4.6900,2232357,0.723694,-0.676880,-0.093506,0.096802,0.2460,15.4678,0
4.7000,2232367,0.723694,-0.676880,-0.093445,0.096863,0.2362,15.4681,0
4.7100,2232377,0.723633,-0.676880,-0.093445,0.096985,0.2260,15.4779,0
4.7200,2232387,0.723694,-0.676819,-0.093445,0.097107,0.2179,15.4884,0
4.7300,2232397,0.723755,-0.676758,-0.093384,0.097107,0.2142,15.4836,0
4.7400,2232407,0.723877,-0.676697,-0.093384,0.097168,0.2114,15.4895,0
4.7500,2232417,0.723938,-0.676575,-0.093323,0.097168,0.2084,15.4840,0
4.7600,2232427,0.723938,-0.676636,-0.093323,0.097168,0.2077,15.4846,0
4.7700,2232437,0.723938,-0.676636,-0.093262,0.097107,0.2074,15.4744,0
4.7800,2232447,0.723938,-0.676636,-0.093262,0.096985,0.2168,15.4640,0
4.7900,2232457,0.723877,-0.676697,-0.093201,0.096924,0.2152,15.4538,0
4.8000,2232467,0.723877,-0.676758,-0.093140,0.096863,0.2142,15.4443,0
4.8100,2232477,0.723816,-0.676819,-0.093079,0.096741,0.2172,15.4288,0
4.8200,2232487,0.723816,-0.676819,-0.093018,0.096680,0.2169,15.4187,0
4.8300,2232497,0.723877,-0.676819,-0.092896,0.096558,0.2169,15.3990,0
4.8400,2232507,0.723877,-0.676819,-0.092834,0.096497,0.2166,15.3889,0
4.8500,2232517,0.723938,-0.676819,-0.092712,0.096497,0.2071,15.3797,0
4.8600,2232527,0.723938,-0.676758,-0.092590,0.096497,0.1977,15.3693,0
4.8700,2232537,0.723938,-0.676758,-0.092529,0.096497,0.1926,15.3644,0
4.8800,2232547,0.723938,-0.676758,-0.092529,0.096497,0.1926,15.3644,0
4.8900,2232557,0.723938,-0.676758,-0.092529,0.096497,0.1926,15.3644,0
4.9000,2232567,0.723938,-0.676758,-0.092529,0.096497,0.1926,15.3644,0
4.9100,2232577,0.723938,-0.676758,-0.092529,0.096558,0.1879,15.3696,0
4.9200,2232587,0.723938,-0.676758,-0.092590,0.096558,0.1929,15.3745,0
4.9300,2232597,0.723938,-0.676758,-0.092590,0.096558,0.1929,15.3745,0
4.9400,2232607,0.723877,-0.676819,-0.092590,0.096558,0.1916,15.3745,0
4.9500,2232617,0.723877,-0.676819,-0.092651,0.096619,0.1919,15.3847,0
4.9600,2232627,0.723877,-0.676819,-0.092651,0.096619,0.1919,15.3847,0
4.9700,2232637,0.723938,-0.676758,-0.092712,0.096680,0.1936,15.3948,0
4.9800,2232647,0.723999,-0.676697,-0.092712,0.096680,0.1949,15.3949,0
4.9900,2232657,0.723999,-0.676697,-0.092712,0.096680,0.1949,15.3949,0
5.0000,2232667,0.723999,-0.676697,-0.092712,0.096680,0.1949,15.3949,0
5.0100,2232677,0.723999,-0.676697,-0.092712,0.096680,0.1949,15.3949,0
5.0200,2232687,0.724060,-0.676636,-0.092712,0.096680,0.1962,15.3949,0
5.0300,2232697,0.724060,-0.676636,-0.092712,0.096680,0.1962,15.3949,0
5.0400,2232707,0.724060,-0.676636,-0.092712,0.096680,0.1962,15.3949,0
5.0500,2232717,0.723999,-0.676697,-0.092712,0.096680,0.1949,15.3949,0
5.0600,2232727,0.723938,-0.676697,-0.092712,0.096680,0.1943,15.3942,0
5.0700,2232737,0.723938,-0.676697,-0.092712,0.096680,0.1943,15.3942,0
5.0800,2232747,0.723999,-0.676697,-0.092773,0.096741,0.1952,15.4050,0
5.0900,2232757,0.724060,-0.676575,-0.092834,0.096863,0.1928,15.4198,0
5.1000,2232767,0.724121,-0.676453,-0.092957,0.096924,0.2002,15.4343,0
5.1100,2232777,0.724182,-0.676331,-0.093079,0.097107,0.1982,15.4592,0
5.1200,2232787,0.724243,-0.676270,-0.093140,0.097229,0.1951,15.4746,0
5.1300,2232797,0.724243,-0.676270,-0.093262,0.097351,0.1958,15.4949,0
5.1400,2232807,0.724243,-0.676208,-0.093384,0.097412,0.2019,15.5094,0
5.1500,2232817,0.724243,-0.676208,-0.093445,0.097473,0.2022,15.5195,0
5.1600,2232827,0.724182,-0.676208,-0.093506,0.097534,0.2019,15.5290,0
5.1700,2232837,0.724182,-0.676208,-0.093506,0.097534,0.2019,15.5290,0
5.1800,2232847,0.724243,-0.676208,-0.093506,0.097534,0.2025,15.5297,0
5.1900,2232857,0.724304,-0.676086,-0.093445,0.097534,0.1995,15.5241,0
5.2000,2232867,0.724426,-0.676025,-0.093445,0.097534,0.2015,15.5248,0
5.2100,2232877,0.724426,-0.676025,-0.093445,0.097534,0.2015,15.5248,0
5.2200,2232887,0.724365,-0.676086,-0.093445,0.097473,0.2049,15.5196,0
5.2300,2232897,0.724243,-0.676208,-0.093445,0.097412,0.2069,15.5143,0
5.2400,2232907,0.724182,-0.676270,-0.093384,0.097351,0.2053,15.5041,0
5.2500,2232917,0.724182,-0.676270,-0.093384,0.097351,0.2053,15.5041,0
5.2600,2232927,0.724243,-0.676208,-0.093323,0.097412,0.1968,15.5044,0
5.2700,2232937,0.724365,-0.676086,-0.093262,0.097473,0.1897,15.5048,0
5.2800,2232947,0.724487,-0.675964,-0.093262,0.097595,0.1829,15.5154,0
5.2900,2232957,0.724487,-0.675903,-0.093323,0.097656,0.1839,15.5249,0
5.3000,2232967,0.724487,-0.675903,-0.093384,0.097656,0.1890,15.5298,0
5.3100,2232977,0.724426,-0.675964,-0.093445,0.097717,0.1880,15.5399,0
5.3200,2232987,0.724365,-0.676025,-0.093506,0.097717,0.1917,15.5448,0
5.3300,2232997,0.724365,-0.676025,-0.093445,0.097778,0.1819,15.5452,0
5.3400,2233007,0.724365,-0.675964,-0.093384,0.097839,0.1728,15.5449,0
5.3500,2233017,0.724426,-0.675903,-0.093384,0.097900,0.1694,15.5502,0
5.3600,2233027,0.724548,-0.675842,-0.093323,0.097900,0.1663,15.5459,0
5.3700,2233037,0.724609,-0.675781,-0.093323,0.097900,0.1677,15.5460,0
5.3800,2233047,0.724609,-0.675720,-0.093323,0.097900,0.1684,15.5453,0
5.3900,2233057,0.724609,-0.675720,-0.093262,0.097839,0.1680,15.5352,0
5.4000,2233067,0.724670,-0.675720,-0.093201,0.097778,0.1683,15.5257,0
5.4100,2233077,0.724609,-0.675781,-0.093079,0.097656,0.1663,15.5054,0
5.4200,2233087,0.724609,-0.675842,-0.093018,0.097595,0.1653,15.4958,0
5.4300,2233097,0.724548,-0.675903,-0.092957,0.097534,0.1636,15.4857,0
5.4400,2233107,0.724548,-0.675903,-0.092896,0.097473,0.1633,15.4755,0
5.4500,2233117,0.724548,-0.675903,-0.092896,0.097473,0.1633,15.4755,0
5.4600,2233127,0.724548,-0.675903,-0.092896,0.097473,0.1633,15.4755,0
5.4700,2233137,0.724548,-0.675903,-0.092896,0.097473,0.1633,15.4755,0
5.4800,2233147,0.724548,-0.675903,-0.092896,0.097473,0.1633,15.4755,0
5.4900,2233157,0.724548,-0.675903,-0.092896,0.097473,0.1633,15.4755,0
5.5000,2233167,0.724609,-0.675903,-0.092896,0.097473,0.1639,15.4762,0
5.5100,2233177,0.724609,-0.675903,-0.092896,0.097473,0.1639,15.4762,0
5.5200,2233187,0.724609,-0.675903,-0.092896,0.097473,0.1639,15.4762,0
5.5300,2233197,0.724609,-0.675903,-0.092896,0.097473,0.1639,15.4762,0
5.5400,2233207,0.724609,-0.675903,-0.092834,0.097473,0.1589,15.4713,0
5.5500,2233217,0.724609,-0.675903,-0.092834,0.097412,0.1636,15.4660,0
5.5600,2233227,0.724548,-0.675964,-0.092834,0.097290,0.1717,15.4555,0
5.5700,2233237,0.724487,-0.676025,-0.092834,0.097229,0.1751,15.4502,0
5.5800,2233247,0.724426,-0.676147,-0.092957,0.097107,0.1927,15.4501,0
5.5900,2233257,0.724426,-0.676086,-0.093018,0.097046,0.2032,15.4492,0
5.6000,2233267,0.724487,-0.676025,-0.093018,0.097046,0.2045,15.4492,0
5.6100,2233277,0.724609,-0.675903,-0.093018,0.097046,0.2072,15.4492,0
5.6200,2233287,0.724731,-0.675781,-0.093018,0.097107,0.2051,15.4545,0
5.6300,2233297,0.724792,-0.675659,-0.093079,0.097168,0.2074,15.4641,0
5.6400,2233307,0.724792,-0.675659,-0.093079,0.097229,0.2027,15.4693,0
5.6500,2233317,0.724731,-0.675720,-0.093140,0.097290,0.2017,15.4795,0
5.6600,2233327,0.724670,-0.675781,-0.093262,0.097351,0.2058,15.4945,0
5.6700,2233337,0.724792,-0.675598,-0.093323,0.097473,0.2048,15.5093,0
5.6800,2233347,0.724976,-0.675415,-0.093323,0.097534,0.2040,15.5146,0
5.6900,2233357,0.725098,-0.675293,-0.093445,0.097534,0.2169,15.5245,0
5.7000,2233367,0.725098,-0.675293,-0.093506,0.097534,0.2219,15.5294,0
5.7100,2233377,0.725037,-0.675354,-0.093567,0.097473,0.2304,15.5290,0
5.7200,2233387,0.724976,-0.675354,-0.093567,0.097412,0.2345,15.5231,0
5.7300,2233397,0.724976,-0.675354,-0.093567,0.097412,0.2345,15.5231,0
5.7400,2233407,0.725098,-0.675293,-0.093567,0.097412,0.2365,15.5238,0
5.7500,2233417,0.725159,-0.675171,-0.093567,0.097412,0.2385,15.5232,0
5.7600,2233427,0.725220,-0.675171,-0.093567,0.097412,0.2391,15.5239,0
5.7700,2233437,0.725220,-0.675171,-0.093567,0.097412,0.2391,15.5239,0
5.7800,2233447,0.725220,-0.675171,-0.093567,0.097412,0.2391,15.5239,0
5.7900,2233457,0.725159,-0.675171,-0.093628,0.097473,0.2388,15.5334,0
5.8000,2233467,0.725159,-0.675171,-0.093628,0.097534,0.2341,15.5386,0
5.8100,2233477,0.725159,-0.675171,-0.093689,0.097595,0.2344,15.5488,0
5.8200,2233487,0.725220,-0.675049,-0.093750,0.097656,0.2368,15.5583,0
5.8300,2233497,0.725403,-0.674866,-0.093750,0.097656,0.2408,15.5584,0
5.8400,2233507,0.725586,-0.674744,-0.093689,0.097656,0.2391,15.5542,0
5.8500,2233517,0.725647,-0.674622,-0.093689,0.097717,0.2364,15.5588,0
5.8600,2233527,0.725647,-0.674622,-0.093628,0.097717,0.2313,15.5539,0
5.8700,2233537,0.725647,-0.674622,-0.093628,0.097778,0.2266,15.5592,0
5.8800,2233547,0.725647,-0.674622,-0.093567,0.097839,0.2168,15.5596,0
5.8900,2233557,0.725647,-0.674622,-0.093445,0.097961,0.1972,15.5603,0
5.9000,2233567,0.725586,-0.674622,-0.093384,0.098022,0.1868,15.5600,0
5.9100,2233577,0.725647,-0.674622,-0.093323,0.098145,0.1729,15.5663,0
5.9200,2233587,0.725708,-0.674500,-0.093323,0.098450,0.1514,15.5920,0
5.9300,2233597,0.725708,-0.674438,-0.093384,0.098572,0.1477,15.6067,0
5.9400,2233607,0.725708,-0.674438,-0.093506,0.098633,0.1531,15.6218,0
5.9500,2233617,0.725769,-0.674377,-0.093567,0.098755,0.1501,15.6372,0
5.9600,2233627,0.725830,-0.674255,-0.093628,0.098816,0.1525,15.6468,0
5.9700,2233637,0.725891,-0.674194,-0.093628,0.098816,0.1538,15.6468,0
5.9800,2233647,0.725952,-0.674133,-0.093628,0.098816,0.1552,15.6469,0
5.9900,2233657,0.725952,-0.674133,-0.093567,0.098755,0.1548,15.6367,0
6.0000,2233667,0.726013,-0.674133,-0.093506,0.098755,0.1504,15.6325,0
6.0100,2233677,0.726013,-0.674133,-0.093445,0.098694,0.1500,15.6223,0
6.0200,2233687,0.726013,-0.674133,-0.093384,0.098633,0.1497,15.6122,0
6.0300,2233697,0.726074,-0.674072,-0.093384,0.098633,0.1510,15.6122,0
6.0400,2233707,0.726135,-0.674011,-0.093384,0.098633,0.1524,15.6123,0
6.0500,2233717,0.726196,-0.673950,-0.093384,0.098633,0.1537,15.6123,0
6.0600,2233727,0.726196,-0.673950,-0.093384,0.098633,0.1537,15.6123,0
6.0700,2233737,0.726196,-0.673950,-0.093384,0.098633,0.1537,15.6123,0
6.0800,2233747,0.726196,-0.673950,-0.093384,0.098633,0.1537,15.6123,0
6.0900,2233757,0.726135,-0.673950,-0.093445,0.098694,0.1534,15.6218,0
6.1000,2233767,0.726135,-0.673950,-0.093506,0.098755,0.1538,15.6319,0
6.1100,2233777,0.726135,-0.673950,-0.093506,0.098755,0.1538,15.6319,0
6.1200,2233787,0.726196,-0.673889,-0.093567,0.098816,0.1555,15.6421,0
6.1300,2233797,0.726257,-0.673828,-0.093567,0.098816,0.1568,15.6422,0
6.1400,2233807,0.726318,-0.673767,-0.093567,0.098816,0.1582,15.6422,0
6.1500,2233817,0.726318,-0.673767,-0.093567,0.098816,0.1582,15.6422,0
6.1600,2233827,0.726318,-0.673767,-0.093628,0.098694,0.1727,15.6366,0
6.1700,2233837,0.726318,-0.673767,-0.093567,0.098450,0.1865,15.6106,0
6.1800,2233847,0.726318,-0.673828,-0.093506,0.098328,0.1901,15.5958,0
6.1900,2233857,0.726318,-0.673828,-0.093506,0.098206,0.1995,15.5853,0
6.2000,2233867,0.726379,-0.673828,-0.093506,0.098083,0.2096,15.5754,0
6.2100,2233877,0.726318,-0.673889,-0.093567,0.097961,0.2228,15.5698,0
6.2200,2233887,0.726318,-0.673828,-0.093628,0.097900,0.2333,15.5688,0
6.2300,2233897,0.726318,-0.673828,-0.093689,0.097900,0.2383,15.5737,0
6.2400,2233907,0.726318,-0.673828,-0.093689,0.097900,0.2383,15.5737,0
6.2500,2233917,0.726379,-0.673828,-0.093689,0.097900,0.2390,15.5743,0
6.2600,2233927,0.726440,-0.673767,-0.093628,0.097900,0.2353,15.5695,0
6.2700,2233937,0.726501,-0.673706,-0.093628,0.097900,0.2366,15.5695,0
6.2800,2233947,0.726501,-0.673706,-0.093628,0.097900,0.2366,15.5695,0
6.2900,2233957,0.726440,-0.673706,-0.093628,0.097900,0.2359,15.5688,0
6.3000,2233967,0.726379,-0.673828,-0.093689,0.097900,0.2390,15.5743,0
6.3100,2233977,0.726379,-0.673828,-0.093689,0.097900,0.2390,15.5743,0
6.3200,2233987,0.726440,-0.673767,-0.093628,0.097900,0.2353,15.5695,0
6.3300,2233997,0.726501,-0.673706,-0.093628,0.097900,0.2366,15.5695,0
6.3400,2234007,0.726501,-0.673706,-0.093628,0.097900,0.2366,15.5695,0
6.3500,2234017,0.726440,-0.673767,-0.093628,0.097900,0.2353,15.5695,0
6.3600,2234027,0.726379,-0.673828,-0.093689,0.097900,0.2390,15.5743,0
6.3700,2234037,0.726379,-0.673828,-0.093689,0.097900,0.2390,15.5743,0
6.3800,2234047,0.726440,-0.673767,-0.093628,0.097900,0.2353,15.5695,0
6.3900,2234057,0.726562,-0.673645,-0.093628,0.097900,0.2379,15.5695,0
6.4000,2234067,0.726624,-0.673523,-0.093628,0.097900,0.2400,15.5689,0
6.4100,2234077,0.726685,-0.673462,-0.093628,0.097900,0.2413,15.5689,0
6.4200,2234087,0.726685,-0.673462,-0.093567,0.097961,0.2315,15.5693,0
6.4300,2234097,0.726562,-0.673584,-0.093506,0.098083,0.2143,15.5749,0
6.4400,2234107,0.726562,-0.673584,-0.093445,0.098145,0.2045,15.5753,0
6.4500,2234117,0.726562,-0.673584,-0.093445,0.098145,0.2045,15.5753,0
6.4600,2234127,0.726624,-0.673523,-0.093445,0.098145,0.2059,15.5753,0
6.4700,2234137,0.726685,-0.673462,-0.093445,0.098145,0.2072,15.5753,0
6.4800,2234147,0.726746,-0.673401,-0.093445,0.098206,0.2038,15.5806,0
6.4900,2234157,0.726746,-0.673401,-0.093506,0.098206,0.2089,15.5855,0
6.5000,2234167,0.726685,-0.673462,-0.093506,0.098328,0.1982,15.5960,0
6.5100,2234177,0.726624,-0.673523,-0.093445,0.098450,0.1823,15.6016,0
6.5200,2234187,0.726562,-0.673523,-0.093384,0.098633,0.1625,15.6119,0
6.5300,2234197,0.726624,-0.673462,-0.093323,0.098816,0.1446,15.6228,0
6.5400,2234207,0.726685,-0.673401,-0.093262,0.098938,0.1314,15.6285,0
6.5500,2234217,0.726746,-0.673279,-0.093262,0.099060,0.1240,15.6384,0
6.5600,2234227,0.726746,-0.673279,-0.093323,0.099121,0.1244,15.6486,0
6.5700,2234237,0.726624,-0.673340,-0.093384,0.099182,0.1228,15.6581,0
6.5800,2234247,0.726501,-0.673523,-0.093445,0.099182,0.1245,15.6635,0
6.5900,2234257,0.726440,-0.673584,-0.093445,0.099121,0.1279,15.6582,0
6.6000,2234267,0.726440,-0.673584,-0.093445,0.099121,0.1279,15.6582,0
6.6100,2234277,0.726562,-0.673462,-0.093445,0.099182,0.1258,15.6635,0
6.6200,2234287,0.726685,-0.673340,-0.093384,0.099182,0.1234,15.6587,0
6.6300,2234297,0.726746,-0.673279,-0.093445,0.099243,0.1252,15.6689,0
6.6400,2234307,0.726746,-0.673218,-0.093506,0.099243,0.1309,15.6732,0
6.6500,2234317,0.726685,-0.673279,-0.093506,0.099304,0.1249,15.6784,0
6.6600,2234327,0.726624,-0.673340,-0.093506,0.099365,0.1188,15.6836,0
6.6700,2234337,0.726624,-0.673340,-0.093445,0.099426,0.1090,15.6840,0
6.6800,2234347,0.726746,-0.673218,-0.093262,0.099609,0.0824,15.6852,0
6.6900,2234357,0.726746,-0.673218,-0.093262,0.099609,0.0824,15.6852,0
6.7000,2234367,0.726685,-0.673279,-0.093262,0.099609,0.0810,15.6852,0
6.7100,2234377,0.726624,-0.673340,-0.093262,0.099548,0.0844,15.6799,0
6.7200,2234387,0.726624,-0.673340,-0.093262,0.099548,0.0844,15.6799,0
6.7300,2234397,0.726685,-0.673279,-0.093323,0.099548,0.0908,15.6848,0
6.7400,2234407,0.726807,-0.673157,-0.093323,0.099487,0.0982,15.6796,0
6.7500,2234417,0.726868,-0.673096,-0.093323,0.099548,0.0949,15.6849,0
6.7600,2234427,0.726868,-0.673096,-0.093323,0.099548,0.0949,15.6849,0
6.7700,2234437,0.726807,-0.673157,-0.093323,0.099487,0.0982,15.6796,0
6.7800,2234447,0.726685,-0.673279,-0.093384,0.099487,0.1006,15.6844,0
6.7900,2234457,0.726685,-0.673279,-0.093384,0.099487,0.1006,15.6844,0
6.8000,2234467,0.726685,-0.673279,-0.093384,0.099487,0.1006,15.6844,0
6.8100,2234477,0.726746,-0.673218,-0.093384,0.099548,0.0972,15.6897,0
6.8200,2234487,0.726868,-0.673096,-0.093445,0.099609,0.1003,15.7000,0
6.8300,2234497,0.726929,-0.672974,-0.093384,0.099609,0.0973,15.6945,0
6.8400,2234507,0.726929,-0.672974,-0.093384,0.099609,0.0973,15.6945,0
6.8500,2234517,0.726929,-0.673035,-0.093445,0.099609,0.1017,15.7000,0
6.8600,2234527,0.726807,-0.673096,-0.093445,0.099609,0.0997,15.6993,0
6.8700,2234537,0.726807,-0.673096,-0.093445,0.099548,0.1044,15.6940,0
6.8800,2234547,0.726807,-0.673096,-0.093445,0.099548,0.1044,15.6940,0
6.8900,2234557,0.726868,-0.673035,-0.093445,0.099548,0.1057,15.6941,0
6.9000,2234567,0.726868,-0.673035,-0.093445,0.099548,0.1057,15.6941,0
6.9100,2234577,0.726868,-0.673035,-0.093445,0.099548,0.1057,15.6941,0
6.9200,2234587,0.726807,-0.673096,-0.093445,0.099548,0.1044,15.6940,0
6.9300,2234597,0.726746,-0.673218,-0.093506,0.099548,0.1074,15.6995,0
6.9400,2234607,0.726685,-0.673279,-0.093445,0.099609,0.0963,15.6999,0
6.9500,2234617,0.726746,-0.673218,-0.093384,0.099670,0.0878,15.7003,0
6.9600,2234627,0.726807,-0.673096,-0.093323,0.099731,0.0801,15.7001,0
6.9700,2234637,0.726807,-0.673157,-0.093262,0.099792,0.0696,15.7011,0
6.9800,2234647,0.726746,-0.673218,-0.093262,0.099731,0.0729,15.6958,0
6.9900,2234657,0.726685,-0.673279,-0.093323,0.099731,0.0767,15.7006,0
7.0000,2234667,0.726685,-0.673279,-0.093323,0.099731,0.0767,15.7006,0
7.0100,2234677,0.726746,-0.673157,-0.093323,0.099792,0.0740,15.7053,0
7.0200,2234687,0.726868,-0.673035,-0.093384,0.099854,0.0771,15.7156,0
7.0300,2234697,0.726929,-0.672913,-0.093384,0.099915,0.0744,15.7202,0
7.0400,2234707,0.726868,-0.673035,-0.093445,0.099976,0.0728,15.7310,0
7.0500,2234717,0.726685,-0.673218,-0.093506,0.099915,0.0785,15.7305,0
7.0600,2234727,0.726501,-0.673401,-0.093567,0.099915,0.0795,15.7352,0
7.0700,2234737,0.726440,-0.673462,-0.093567,0.099976,0.0735,15.7405,0
7.0800,2234747,0.726440,-0.673401,-0.093567,0.100159,0.0600,15.7556,0
7.0900,2234757,0.726562,-0.673218,-0.093628,0.100281,0.0591,15.7705,0
7.1000,2234767,0.726685,-0.673096,-0.093628,0.100403,0.0524,15.7812,0
7.1100,2234777,0.726746,-0.673035,-0.093628,0.100464,0.0490,15.7865,0
7.1200,2234787,0.726685,-0.673096,-0.093689,0.100525,0.0481,15.7966,0
7.1300,2234797,0.726562,-0.673218,-0.093689,0.100525,0.0453,15.7965,0
7.1400,2234807,0.726501,-0.673279,-0.093628,0.100586,0.0342,15.7968,0
7.1500,2234817,0.726440,-0.673340,-0.093567,0.100647,0.0231,15.7972,0
7.1600,2234827,0.726440,-0.673401,-0.093506,0.100708,0.0126,15.7982,0
7.1700,2234837,0.726440,-0.673401,-0.093384,0.100769,-0.0023,15.7937,0
7.1800,2234847,0.726440,-0.673340,-0.093323,0.100830,-0.0114,15.7934,0
7.1900,2234857,0.726440,-0.673340,-0.093262,0.100891,-0.0212,15.7938,0
7.2000,2234867,0.726440,-0.673340,-0.093323,0.100891,-0.0161,15.7987,0
7.2100,2234877,0.726501,-0.673279,-0.093323,0.100830,-0.0100,15.7935,0
7.2200,2234887,0.726501,-0.673279,-0.093384,0.100769,-0.0003,15.7931,0
7.2300,2234897,0.726562,-0.673218,-0.093384,0.100769,0.0011,15.7932,0
7.2400,2234907,0.726624,-0.673157,-0.093445,0.100708,0.0123,15.7928,0
7.2500,2234917,0.726624,-0.673157,-0.093384,0.100769,0.0025,15.7932,0
7.2600,2234927,0.726624,-0.673157,-0.093384,0.100769,0.0025,15.7932,0
7.2700,2234937,0.726562,-0.673279,-0.093384,0.100769,0.0004,15.7938,0
7.2800,2234947,0.726440,-0.673340,-0.093323,0.100830,-0.0114,15.7934,0
7.2900,2234957,0.726440,-0.673401,-0.093323,0.100830,-0.0121,15.7941,0
7.3000,2234967,0.726440,-0.673340,-0.093201,0.100952,-0.0310,15.7942,0
7.3100,2234977,0.726501,-0.673279,-0.093201,0.101074,-0.0390,15.8048,0
7.3200,2234987,0.726562,-0.673157,-0.093201,0.101135,-0.0417,15.8095,0
7.3300,2234997,0.726624,-0.673157,-0.093140,0.101257,-0.0555,15.8159,0
7.3400,2235007,0.726562,-0.673157,-0.093140,0.101379,-0.0656,15.8257,0
7.3500,2235017,0.726562,-0.673157,-0.093140,0.101501,-0.0750,15.8363,0
7.3600,2235027,0.726501,-0.673157,-0.093201,0.101563,-0.0753,15.8458,0
7.3700,2235037,0.726501,-0.673218,-0.093262,0.101685,-0.0803,15.8618,0
7.3800,2235047,0.726440,-0.673218,-0.093323,0.101746,-0.0806,15.8713,0
7.3900,2235057,0.726379,-0.673279,-0.093384,0.101807,-0.0816,15.8814,0
7.4000,2235067,0.726318,-0.673340,-0.093323,0.101807,-0.0881,15.8765,0
7.4100,2235077,0.726318,-0.673340,-0.093323,0.101807,-0.0881,15.8765,0
7.4200,2235087,0.726257,-0.673401,-0.093323,0.101807,-0.0894,15.8764,0
7.4300,2235097,0.726318,-0.673340,-0.093323,0.101868,-0.0928,15.8817,0
7.4400,2235107,0.726379,-0.673279,-0.093262,0.101868,-0.0965,15.8769,0
7.4500,2235117,0.726379,-0.673279,-0.093262,0.101929,-0.1012,15.8822,0
7.4600,2235127,0.726379,-0.673279,-0.093262,0.101929,-0.1012,15.8822,0
7.4700,2235137,0.726318,-0.673340,-0.093201,0.101929,-0.1076,15.8773,0
7.4800,2235147,0.726379,-0.673279,-0.093140,0.101990,-0.1161,15.8777,0
7.4900,2235157,0.726440,-0.673218,-0.093079,0.102112,-0.1292,15.8834,0
7.5000,2235167,0.726440,-0.673157,-0.093018,0.102234,-0.1430,15.8885,0
7.5100,2235177,0.726501,-0.673096,-0.093079,0.102295,-0.1412,15.8987,0
7.5200,2235187,0.726501,-0.673035,-0.093140,0.102356,-0.1401,15.9082,0
7.5300,2235197,0.726501,-0.673035,-0.093262,0.102417,-0.1347,15.9233,0
7.5400,2235207,0.726501,-0.673035,-0.093384,0.102417,-0.1245,15.9331,0
7.5500,2235217,0.726501,-0.673035,-0.093506,0.102417,-0.1144,15.9428,0
7.5600,2235227,0.726501,-0.673035,-0.093567,0.102356,-0.1046,15.9424,0
7.5700,2235237,0.726501,-0.673035,-0.093567,0.102356,-0.1046,15.9424,0
7.5800,2235247,0.726440,-0.673096,-0.093506,0.102356,-0.1110,15.9375,0
7.5900,2235257,0.726440,-0.673096,-0.093506,0.102417,-0.1157,15.9428,0
7.6000,2235267,0.726440,-0.673096,-0.093445,0.102478,-0.1255,15.9432,0
7.6100,2235277,0.726379,-0.673157,-0.093384,0.102539,-0.1367,15.9435,0
7.6200,2235287,0.726379,-0.673157,-0.093384,0.102539,-0.1367,15.9435,0
7.6300,2235297,0.726318,-0.673279,-0.093384,0.102539,-0.1388,15.9441,0
7.6400,2235307,0.726196,-0.673340,-0.093323,0.102539,-0.1459,15.9384,0
7.6500,2235317,0.726196,-0.673401,-0.093201,0.102478,-0.1520,15.9240,0
7.6600,2235327,0.726196,-0.673340,-0.093140,0.102478,-0.1564,15.9185,0
7.6700,2235337,0.726318,-0.673279,-0.093079,0.102417,-0.1548,15.9091,0
7.6800,2235347,0.726440,-0.673157,-0.093140,0.102356,-0.1422,15.9088,0
7.6900,2235357,0.726562,-0.673035,-0.093201,0.102356,-0.1344,15.9138,0
7.7000,2235367,0.726562,-0.673035,-0.093262,0.102234,-0.1199,15.9081,0
7.7100,2235377,0.726440,-0.673157,-0.093262,0.102173,-0.1179,15.9027,0
7.7200,2235387,0.726318,-0.673279,-0.093323,0.102173,-0.1156,15.9075,0
7.7300,2235397,0.726196,-0.673401,-0.093323,0.102173,-0.1183,15.9074,0
7.7400,2235407,0.726196,-0.673462,-0.093323,0.102173,-0.1190,15.9080,0
7.7500,2235417,0.726196,-0.673401,-0.093323,0.102234,-0.1230,15.9127,0
7.7600,2235427,0.726257,-0.673340,-0.093323,0.102295,-0.1264,15.9180,0
7.7700,2235437,0.726318,-0.673279,-0.093323,0.102356,-0.1297,15.9233,0
7.7800,2235447,0.726379,-0.673157,-0.093323,0.102417,-0.1323,15.9280,0
7.7900,2235457,0.726379,-0.673157,-0.093323,0.102478,-0.1371,15.9333,0
7.8000,2235467,0.726379,-0.673157,-0.093323,0.102478,-0.1371,15.9333,0
7.8100,2235477,0.726379,-0.673218,-0.093323,0.102478,-0.1378,15.9340,0
7.8200,2235487,0.726318,-0.673218,-0.093262,0.102478,-0.1435,15.9284,0
7.8300,2235497,0.726257,-0.673340,-0.093201,0.102417,-0.1460,15.9188,0
7.8400,2235507,0.726196,-0.673401,-0.093140,0.102356,-0.1477,15.9086,0
7.8500,2235517,0.726135,-0.673523,-0.093140,0.102295,-0.1451,15.9038,0
7.8600,2235527,0.726135,-0.673523,-0.093140,0.102173,-0.1357,15.8933,0
7.8700,2235537,0.726135,-0.673523,-0.093201,0.102112,-0.1259,15.8929,0
7.8800,2235547,0.726135,-0.673523,-0.093262,0.102051,-0.1161,15.8925,0
7.8900,2235557,0.726135,-0.673462,-0.093262,0.102051,-0.1154,15.8919,0
7.9000,2235567,0.726135,-0.673523,-0.093201,0.102051,-0.1212,15.8876,0
7.9100,2235577,0.726196,-0.673462,-0.093079,0.102051,-0.1299,15.8779,0
7.9200,2235587,0.726257,-0.673462,-0.092957,0.102051,-0.1395,15.8688,0
7.9300,2235597,0.726257,-0.673401,-0.092834,0.102173,-0.1583,15.8690,0
7.9400,2235607,0.726257,-0.673401,-0.092773,0.102234,-0.1681,15.8694,0
7.9500,2235617,0.726135,-0.673584,-0.092651,0.102356,-0.1911,15.8706,0
7.9600,2235627,0.726013,-0.673645,-0.092712,0.102417,-0.1928,15.8801,0
7.9700,2235637,0.726013,-0.673706,-0.092773,0.102478,-0.1931,15.8908,0
7.9800,2235647,0.725952,-0.673645,-0.092834,0.102600,-0.1974,15.9050,0
7.9900,2235657,0.725952,-0.673645,-0.092957,0.102661,-0.1920,15.9200,0
8.0000,2235667,0.725952,-0.673584,-0.093018,0.102844,-0.2003,15.9401,0
8.0100,2235677,0.726013,-0.673462,-0.093140,0.102966,-0.1975,15.9599,0
8.0200,2235687,0.726135,-0.673401,-0.093201,0.103027,-0.1951,15.9708,0
8.0300,2235697,0.726135,-0.673340,-0.093262,0.103088,-0.1940,15.9803,0
8.0400,2235707,0.726074,-0.673401,-0.093201,0.103149,-0.2052,15.9807,0
8.0500,2235717,0.726074,-0.673401,-0.093079,0.103210,-0.2200,15.9762,0
8.0600,2235727,0.726074,-0.673401,-0.093018,0.103333,-0.2345,15.9819,0
8.0700,2235737,0.726074,-0.673462,-0.092834,0.103394,-0.2552,15.9731,0
8.0800,2235747,0.726074,-0.673462,-0.092712,0.103455,-0.2701,15.9686,0
8.0900,2235757,0.726074,-0.673462,-0.092590,0.103516,-0.2849,15.9641,0
8.1000,2235767,0.726074,-0.673462,-0.092590,0.103516,-0.2849,15.9641,0
8.1100,2235777,0.726074,-0.673462,-0.092651,0.103455,-0.2751,15.9637,0
8.1200,2235787,0.726074,-0.673462,-0.092712,0.103333,-0.2606,15.9580,0
8.1300,2235797,0.726074,-0.673462,-0.092834,0.103271,-0.2458,15.9625,0
8.1400,2235807,0.726074,-0.673401,-0.092896,0.103149,-0.2305,15.9562,0
8.1500,2235817,0.726135,-0.673401,-0.092957,0.103088,-0.2201,15.9565,0
8.1600,2235827,0.726135,-0.673340,-0.093018,0.103088,-0.2143,15.9608,0
8.1700,2235837,0.726196,-0.673340,-0.093018,0.103088,-0.2137,15.9615,0
8.1800,2235847,0.726196,-0.673340,-0.093018,0.103088,-0.2137,15.9615,0
8.1900,2235857,0.726135,-0.673340,-0.093018,0.103088,-0.2143,15.9608,0
8.2000,2235867,0.726135,-0.673401,-0.093018,0.103027,-0.2103,15.9561,0
8.2100,2235877,0.726074,-0.673462,-0.092957,0.103149,-0.2262,15.9618,0
8.2200,2235887,0.726074,-0.673462,-0.092896,0.103210,-0.2360,15.9621,0
8.2300,2235897,0.726074,-0.673462,-0.092896,0.103210,-0.2360,15.9621,0
8.2400,2235907,0.726074,-0.673462,-0.092896,0.103210,-0.2360,15.9621,0
8.2500,2235917,0.726074,-0.673462,-0.092896,0.103210,-0.2360,15.9621,0
8.2600,2235927,0.726074,-0.673462,-0.092896,0.103210,-0.2360,15.9621,0
8.2700,2235937,0.726074,-0.673401,-0.093018,0.103210,-0.2251,15.9713,0
8.2800,2235947,0.726074,-0.673401,-0.093079,0.103149,-0.2153,15.9709,0
8.2900,2235957,0.726074,-0.673462,-0.093140,0.103088,-0.2062,15.9711,0
8.3000,2235967,0.725952,-0.673523,-0.093201,0.103027,-0.1985,15.9700,0
8.3100,2235977,0.725891,-0.673645,-0.093201,0.103027,-0.2006,15.9705,0
8.3200,2235987,0.725891,-0.673645,-0.093201,0.103027,-0.2006,15.9705,0
8.3300,2235997,0.725891,-0.673645,-0.093140,0.103088,-0.2104,15.9709,0
8.3400,2236007,0.725891,-0.673645,-0.093140,0.103210,-0.2198,15.9815,0
8.3500,2236017,0.725830,-0.673645,-0.093079,0.103394,-0.2396,15.9917,0
8.3600,2236027,0.725830,-0.673645,-0.093079,0.103516,-0.2491,16.0023,0
8.3700,2236037,0.725830,-0.673645,-0.093079,0.103699,-0.2632,16.0181,0
8.3800,2236047,0.725769,-0.673645,-0.093079,0.103821,-0.2733,16.0280,0
8.3900,2236057,0.725769,-0.673645,-0.093201,0.103943,-0.2725,16.0483,0
8.4000,2236067,0.725647,-0.673706,-0.093384,0.104004,-0.2641,16.0675,0
8.4100,2236077,0.725586,-0.673767,-0.093506,0.104126,-0.2647,16.0878,0
8.4200,2236087,0.725525,-0.673828,-0.093567,0.104187,-0.2657,16.0979,0
8.4300,2236097,0.725525,-0.673828,-0.093628,0.104248,-0.2654,16.1081,0
8.4400,2236107,0.725464,-0.673828,-0.093689,0.104309,-0.2657,16.1175,0
8.4500,2236117,0.725464,-0.673828,-0.093689,0.104309,-0.2657,16.1175,0
8.4600,2236127,0.725464,-0.673828,-0.093689,0.104309,-0.2657,16.1175,0
8.4700,2236137,0.725525,-0.673767,-0.093689,0.104309,-0.2643,16.1176,0
8.4800,2236147,0.725586,-0.673706,-0.093689,0.104309,-0.2629,16.1177,0
8.4900,2236157,0.725647,-0.673645,-0.093689,0.104370,-0.2662,16.1230,0
8.5000,2236167,0.725708,-0.673584,-0.093689,0.104370,-0.2648,16.1231,0
8.5100,2236177,0.725708,-0.673584,-0.093689,0.104370,-0.2648,16.1231,0
8.5200,2236187,0.725708,-0.673584,-0.093689,0.104370,-0.2648,16.1231,0
8.5300,2236197,0.725647,-0.673645,-0.093689,0.104309,-0.2615,16.1177,0
8.5400,2236207,0.725586,-0.673706,-0.093689,0.104309,-0.2629,16.1177,0
8.5500,2236217,0.725586,-0.673706,-0.093689,0.104309,-0.2629,16.1177,0
8.5600,2236227,0.725647,-0.673645,-0.093689,0.104309,-0.2615,16.1177,0
8.5700,2236237,0.725769,-0.673462,-0.093628,0.104309,-0.2631,16.1124,0
8.5800,2236247,0.725952,-0.673340,-0.093628,0.104370,-0.2644,16.1185,0
8.5900,2236257,0.726013,-0.673279,-0.093628,0.104370,-0.2630,16.1186,0
8.6000,2236267,0.726013,-0.673279,-0.093628,0.104370,-0.2630,16.1186,0
8.6100,2236277,0.725952,-0.673279,-0.093628,0.104309,-0.2589,16.1126,0
8.6200,2236287,0.725891,-0.673340,-0.093628,0.104309,-0.2603,16.1125,0
8.6300,2236297,0.725891,-0.673340,-0.093628,0.104309,-0.2603,16.1125,0
8.6400,2236307,0.725891,-0.673340,-0.093628,0.104309,-0.2603,16.1125,0
8.6500,2236317,0.725891,-0.673340,-0.093628,0.104309,-0.2603,16.1125,0
8.6600,2236327,0.725891,-0.673340,-0.093628,0.104370,-0.2650,16.1178,0
8.6700,2236337,0.725891,-0.673340,-0.093567,0.104431,-0.2748,16.1182,0
8.6800,2236347,0.725952,-0.673279,-0.093567,0.104431,-0.2734,16.1183,0
8.6900,2236357,0.726013,-0.673218,-0.093567,0.104492,-0.2768,16.1236,0
8.7000,2236367,0.726135,-0.673096,-0.093628,0.104492,-0.2689,16.1286,0
8.7100,2236377,0.726196,-0.673035,-0.093628,0.104553,-0.2722,16.1340,0
8.7200,2236387,0.726135,-0.673035,-0.093628,0.104492,-0.2682,16.1280,0
8.7300,2236397,0.726074,-0.673157,-0.093628,0.104492,-0.2703,16.1286,0
8.7400,2236407,0.726074,-0.673157,-0.093628,0.104492,-0.2703,16.1286,0
8.7500,2236417,0.726074,-0.673157,-0.093628,0.104492,-0.2703,16.1286,0
8.7600,2236427,0.726013,-0.673157,-0.093689,0.104553,-0.2706,16.1380,0
8.7700,2236437,0.726013,-0.673157,-0.093750,0.104553,-0.2655,16.1429,0
8.7800,2236447,0.726013,-0.673157,-0.093811,0.104553,-0.2604,16.1478,0
8.7900,2236457,0.726074,-0.673157,-0.093872,0.104492,-0.2500,16.1481,0
8.8000,2236467,0.726074,-0.673157,-0.093872,0.104492,-0.2500,16.1481,0
8.8100,2236477,0.726074,-0.673157,-0.093872,0.104492,-0.2500,16.1481,0
8.8200,2236487,0.726074,-0.673157,-0.093811,0.104431,-0.2504,16.1379,0
8.8300,2236497,0.726074,-0.673157,-0.093750,0.104431,-0.2554,16.1331,0
8.8400,2236507,0.726074,-0.673157,-0.093689,0.104370,-0.2558,16.1229,0
8.8500,2236517,0.726074,-0.673157,-0.093689,0.104370,-0.2558,16.1229,0
8.8600,2236527,0.726074,-0.673157,-0.093689,0.104370,-0.2558,16.1229,0
8.8700,2236537,0.726074,-0.673157,-0.093689,0.104370,-0.2558,16.1229,0
8.8800,2236547,0.726013,-0.673218,-0.093750,0.104370,-0.2521,16.1277,0
8.8900,2236557,0.725952,-0.673279,-0.093811,0.104431,-0.2531,16.1378,0
8.9000,2236567,0.725830,-0.673340,-0.093933,0.104492,-0.2497,16.1521,0
8.9100,2236577,0.725769,-0.673401,-0.093994,0.104553,-0.2507,16.1622,0
8.9200,2236587,0.725769,-0.673401,-0.094055,0.104614,-0.2504,16.1724,0
8.9300,2236597,0.725830,-0.673340,-0.094116,0.104675,-0.2486,16.1826,0
8.9400,2236607,0.725891,-0.673218,-0.094177,0.104736,-0.2461,16.1922,0
8.9500,2236617,0.726013,-0.673096,-0.094177,0.104736,-0.2434,16.1924,0
8.9600,2236627,0.726013,-0.673096,-0.094238,0.104675,-0.2336,16.1920,0
8.9700,2236637,0.725952,-0.673157,-0.094360,0.104553,-0.2154,16.1911,0
8.9800,2236647,0.725830,-0.673279,-0.094360,0.104553,-0.2182,16.1910,0
8.9900,2236657,0.725769,-0.673340,-0.094360,0.104553,-0.2196,16.1909,0
9.0000,2236667,0.725769,-0.673340,-0.094299,0.104553,-0.2246,16.1860,0
9.0100,2236677,0.725830,-0.673340,-0.094238,0.104675,-0.2385,16.1924,0
9.0200,2236687,0.725891,-0.673279,-0.094177,0.104736,-0.2469,16.1929,0
9.0300,2236697,0.725891,-0.673218,-0.094055,0.104858,-0.2657,16.1930,0
9.0400,2236707,0.725891,-0.673218,-0.093994,0.104980,-0.2802,16.1987,0
9.0500,2236717,0.725830,-0.673279,-0.093872,0.105042,-0.2965,16.1941,0
9.0600,2236727,0.725769,-0.673340,-0.093872,0.105103,-0.3026,16.1993,0
9.0700,2236737,0.725769,-0.673340,-0.093811,0.105103,-0.3076,16.1944,0
9.0800,2236747,0.725830,-0.673279,-0.093811,0.105164,-0.3109,16.1998,0
9.0900,2236757,0.725891,-0.673157,-0.093811,0.105225,-0.3135,16.2045,0
9.1000,2236767,0.725952,-0.673157,-0.093811,0.105225,-0.3129,16.2052,0
9.1100,2236777,0.725952,-0.673157,-0.093811,0.105225,-0.3129,16.2052,0
9.1200,2236787,0.726013,-0.673096,-0.093811,0.105225,-0.3115,16.2053,0
9.1300,2236797,0.726074,-0.673035,-0.093811,0.105225,-0.3101,16.2054,0
9.1400,2236807,0.726135,-0.672974,-0.093811,0.105225,-0.3087,16.2055,0
9.1500,2236817,0.726135,-0.672974,-0.093811,0.105225,-0.3087,16.2055,0
9.1600,2236827,0.726074,-0.673035,-0.093811,0.105225,-0.3101,16.2054,0
9.1700,2236837,0.725952,-0.673157,-0.093811,0.105225,-0.3129,16.2052,0
9.1800,2236847,0.725891,-0.673218,-0.093811,0.105225,-0.3143,16.2052,0
9.1900,2236857,0.725891,-0.673218,-0.093811,0.105225,-0.3143,16.2052,0
9.2000,2236867,0.725952,-0.673157,-0.093750,0.105286,-0.3227,16.2056,0
9.2100,2236877,0.726013,-0.673035,-0.093689,0.105347,-0.3303,16.2055,0
9.2200,2236887,0.726135,-0.672974,-0.093689,0.105347,-0.3283,16.2063,0
9.2300,2236897,0.726196,-0.672852,-0.093689,0.105347,-0.3261,16.2057,0
9.2400,2236907,0.726196,-0.672852,-0.093689,0.105347,-0.3261,16.2057,0
9.2500,2236917,0.726196,-0.672852,-0.093689,0.105347,-0.3261,16.2057,0
9.2600,2236927,0.726196,-0.672852,-0.093689,0.105347,-0.3261,16.2057,0
9.2700,2236937,0.726196,-0.672852,-0.093689,0.105347,-0.3261,16.2057,0
9.2800,2236947,0.726135,-0.672913,-0.093628,0.105408,-0.3373,16.2061,0
9.2900,2236957,0.726135,-0.672974,-0.093689,0.105469,-0.3377,16.2169,0
9.3000,2236967,0.726074,-0.672974,-0.093750,0.105530,-0.3380,16.2263,0
9.3100,2236977,0.726074,-0.672913,-0.093811,0.105591,-0.3369,16.2359,0
9.3200,2236987,0.726135,-0.672852,-0.093872,0.105652,-0.3351,16.2461,0
9.3300,2236997,0.726196,-0.672791,-0.093872,0.105652,-0.3337,16.2462,0
9.3400,2237007,0.726257,-0.672729,-0.093872,0.105652,-0.3323,16.2463,0
9.3500,2237017,0.726318,-0.672668,-0.093811,0.105652,-0.3360,16.2415,0
9.3600,2237027,0.726379,-0.672668,-0.093750,0.105530,-0.3310,16.2267,0
9.3700,2237037,0.726379,-0.672668,-0.093628,0.105469,-0.3365,16.2117,0
9.3800,2237047,0.726379,-0.672668,-0.093567,0.105408,-0.3368,16.2015,0
9.3900,2237057,0.726379,-0.672668,-0.093567,0.105408,-0.3368,16.2015,0
9.4000,2237067,0.726379,-0.672668,-0.093567,0.105408,-0.3368,16.2015,0
9.4100,2237077,0.726379,-0.672668,-0.093567,0.105408,-0.3368,16.2015,0
9.4200,2237087,0.726379,-0.672668,-0.093567,0.105408,-0.3368,16.2015,0
9.4300,2237097,0.726379,-0.672668,-0.093567,0.105408,-0.3368,16.2015,0
9.4400,2237107,0.726440,-0.672607,-0.093567,0.105408,-0.3354,16.2016,0
9.4500,2237117,0.726440,-0.672607,-0.093567,0.105408,-0.3354,16.2016,0
9.4600,2237127,0.726440,-0.672607,-0.093567,0.105408,-0.3354,16.2016,0
9.4700,2237137,0.726440,-0.672607,-0.093567,0.105408,-0.3354,16.2016,0
9.4800,2237147,0.726440,-0.672607,-0.093567,0.105408,-0.3354,16.2016,0
9.4900,2237157,0.726440,-0.672607,-0.093567,0.105408,-0.3354,16.2016,0
9.5000,2237167,0.726440,-0.672607,-0.093567,0.105408,-0.3354,16.2016,0
9.5100,2237177,0.726440,-0.672607,-0.093567,0.105408,-0.3354,16.2016,0
9.5200,2237187,0.726440,-0.672668,-0.093506,0.105408,-0.3413,16.1973,0
9.5300,2237197,0.726440,-0.672668,-0.093506,0.105347,-0.3366,16.1920,0
9.5400,2237207,0.726440,-0.672668,-0.093445,0.105225,-0.3322,16.1766,0
9.5500,2237217,0.726440,-0.672668,-0.093384,0.105164,-0.3326,16.1664,0
9.5600,2237227,0.726440,-0.672668,-0.093323,0.105103,-0.3330,16.1562,0
9.5700,2237237,0.726501,-0.672668,-0.093262,0.105042,-0.3327,16.1468,0
9.5800,2237247,0.726501,-0.672668,-0.093201,0.104980,-0.3331,16.1366,0
9.5900,2237257,0.726440,-0.672791,-0.093140,0.104919,-0.3356,16.1270,0
9.6000,2237267,0.726379,-0.672791,-0.093140,0.104919,-0.3362,16.1263,0
9.6100,2237277,0.726379,-0.672791,-0.093140,0.104919,-0.3362,16.1263,0
9.6200,2237287,0.726440,-0.672729,-0.093201,0.104858,-0.3251,16.1259,0
9.6300,2237297,0.726562,-0.672607,-0.093201,0.104797,-0.3176,16.1208,0
9.6400,2237307,0.726624,-0.672546,-0.093262,0.104736,-0.3064,16.1205,0
9.6500,2237317,0.726624,-0.672546,-0.093323,0.104675,-0.2966,16.1201,0
9.6600,2237327,0.726562,-0.672607,-0.093323,0.104675,-0.2980,16.1200,0
9.6700,2237337,0.726501,-0.672668,-0.093384,0.104675,-0.2943,16.1248,0
9.6800,2237347,0.726440,-0.672729,-0.093384,0.104675,-0.2957,16.1247,0
9.6900,2237357,0.726440,-0.672729,-0.093384,0.104675,-0.2957,16.1247,0
9.7000,2237367,0.726440,-0.672729,-0.093445,0.104797,-0.3000,16.1402,0
9.7100,2237377,0.726440,-0.672729,-0.093445,0.104919,-0.3094,16.1507,0
9.7200,2237387,0.726440,-0.672729,-0.093445,0.105042,-0.3188,16.1613,0
9.7300,2237397,0.726379,-0.672729,-0.093506,0.105164,-0.3238,16.1761,0
9.7400,2237407,0.726379,-0.672729,-0.093567,0.105286,-0.3282,16.1915,0
9.7500,2237417,0.726379,-0.672668,-0.093689,0.105347,-0.3220,16.2060,0
9.7600,2237427,0.726379,-0.672668,-0.093689,0.105408,-0.3267,16.2113,0
9.7700,2237437,0.726379,-0.672668,-0.093811,0.105408,-0.3165,16.2210,0
9.7800,2237447,0.726379,-0.672668,-0.093872,0.105347,-0.3067,16.2206,0
9.7900,2237457,0.726318,-0.672729,-0.093933,0.105286,-0.2983,16.2201,0
9.8000,2237467,0.726318,-0.672729,-0.093933,0.105286,-0.2983,16.2201,0
9.8100,2237477,0.726318,-0.672729,-0.093933,0.105286,-0.2983,16.2201,0
9.8200,2237487,0.726318,-0.672729,-0.093933,0.105286,-0.2983,16.2201,0
9.8300,2237497,0.726318,-0.672729,-0.093933,0.105286,-0.2983,16.2201,0
9.8400,2237507,0.726318,-0.672729,-0.093933,0.105286,-0.2983,16.2201,0
9.8500,2237517,0.726318,-0.672729,-0.093933,0.105347,-0.3030,16.2254,0
9.8600,2237527,0.726318,-0.672668,-0.093994,0.105469,-0.3066,16.2403,0
9.8700,2237537,0.726379,-0.672607,-0.093994,0.105591,-0.3146,16.2509,0
9.8800,2237547,0.726440,-0.672485,-0.093994,0.105713,-0.3219,16.2609,0
9.8900,2237557,0.726501,-0.672424,-0.093994,0.105835,-0.3299,16.2716,0
9.9000,2237567,0.726501,-0.672424,-0.093994,0.105957,-0.3393,16.2822,0
9.9100,2237577,0.726440,-0.672485,-0.093933,0.106018,-0.3505,16.2825,0
9.9200,2237587,0.726379,-0.672485,-0.093933,0.106018,-0.3512,16.2818,0
9.9300,2237597,0.726379,-0.672546,-0.093933,0.106018,-0.3519,16.2824,0
9.9400,2237607,0.726379,-0.672546,-0.093872,0.106079,-0.3617,16.2829,0
9.9500,2237617,0.726318,-0.672607,-0.093811,0.106018,-0.3635,16.2726,0
9.9600,2237627,0.726318,-0.672607,-0.093750,0.106018,-0.3686,16.2677,0
9.9700,2237637,0.726379,-0.672607,-0.093628,0.105957,-0.3734,16.2534,0
9.9800,2237647,0.726440,-0.672546,-0.093506,0.105957,-0.3821,16.2437,0
9.9900,2237657,0.726624,-0.672363,-0.093384,0.105957,-0.3881,16.2342,0
10.0000,2237667,0.726746,-0.672241,-0.093323,0.106018,-0.3951,16.2348,0
10.0100,2237677,0.726807,-0.672180,-0.093323,0.106018,-0.3937,16.2348,0
10.0200,2237687,0.726746,-0.672241,-0.093323,0.106018,-0.3951,16.2348,0
10.0300,2237697,0.726624,-0.672363,-0.093323,0.106018,-0.3979,16.2346,0
10.0400,2237707,0.726501,-0.672485,-0.093323,0.106079,-0.4054,16.2397,0
10.0500,2237717,0.726501,-0.672485,-0.093384,0.106201,-0.4097,16.2552,0
10.0600,2237727,0.726501,-0.672424,-0.093445,0.106262,-0.4086,16.2647,0
10.0700,2237737,0.726562,-0.672363,-0.093445,0.106384,-0.4166,16.2754,0
10.0800,2237747,0.726624,-0.672302,-0.093384,0.106384,-0.4203,16.2706,0
10.0900,2237757,0.726624,-0.672302,-0.093384,0.106384,-0.4203,16.2706,0
10.1000,2237767,0.726562,-0.672363,-0.093384,0.106384,-0.4217,16.2705,0
10.1100,2237777,0.726562,-0.672363,-0.093384,0.106445,-0.4264,16.2758,0
10.1200,2237787,0.726562,-0.672363,-0.093323,0.106445,-0.4315,16.2709,0
10.1300,2237797,0.726501,-0.672363,-0.093323,0.106445,-0.4321,16.2702,0
10.1400,2237807,0.726501,-0.672424,-0.093323,0.106445,-0.4329,16.2708,0
10.1500,2237817,0.726440,-0.672485,-0.093323,0.106445,-0.4342,16.2708,0
10.1600,2237827,0.726318,-0.672607,-0.093323,0.106445,-0.4370,16.2706,0
10.1700,2237837,0.726257,-0.672668,-0.093262,0.106506,-0.4482,16.2709,0
10.1800,2237847,0.726257,-0.672668,-0.093323,0.106567,-0.4478,16.2811,0
10.1900,2237857,0.726318,-0.672607,-0.093384,0.106628,-0.4461,16.2913,0
10.2000,2237867,0.726318,-0.672546,-0.093445,0.106750,-0.4497,16.3062,0
10.2100,2237877,0.726257,-0.672546,-0.093506,0.106812,-0.4499,16.3157,0
10.2200,2237887,0.726257,-0.672607,-0.093567,0.106873,-0.4503,16.3265,0
10.2300,2237897,0.726257,-0.672607,-0.093567,0.106934,-0.4550,16.3318,0
10.2400,2237907,0.726196,-0.672607,-0.093628,0.106995,-0.4553,16.3412,0
10.2500,2237917,0.726135,-0.672668,-0.093567,0.107056,-0.4665,16.3415,0
10.2600,2237927,0.726074,-0.672729,-0.093567,0.106995,-0.4632,16.3362,0
10.2700,2237937,0.726074,-0.672791,-0.093506,0.106934,-0.4643,16.3266,0
10.2800,2237947,0.726013,-0.672852,-0.093384,0.106873,-0.4711,16.3114,0
10.2900,2237957,0.726074,-0.672791,-0.093384,0.106934,-0.4745,16.3168,0
10.3000,2237967,0.726135,-0.672791,-0.093384,0.106934,-0.4738,16.3176,0
10.3100,2237977,0.726135,-0.672729,-0.093384,0.106995,-0.4778,16.3222,0
10.3200,2237987,0.726135,-0.672729,-0.093384,0.107056,-0.4825,16.3275,0
10.3300,2237997,0.726135,-0.672729,-0.093506,0.107056,-0.4723,16.3373,0
10.3400,2238007,0.726074,-0.672729,-0.093628,0.107117,-0.4675,16.3516,0
10.3500,2238017,0.726074,-0.672729,-0.093689,0.107117,-0.4624,16.3565,0
10.3600,2238027,0.726013,-0.672791,-0.093750,0.107178,-0.4635,16.3666,0
10.3700,2238037,0.725952,-0.672791,-0.093750,0.107178,-0.4641,16.3659,0
10.3800,2238047,0.725952,-0.672791,-0.093689,0.107239,-0.4739,16.3663,0
10.3900,2238057,0.726013,-0.672729,-0.093628,0.107300,-0.4823,16.3668,0
10.4000,2238067,0.726074,-0.672729,-0.093506,0.107300,-0.4918,16.3577,0
10.4100,2238077,0.726135,-0.672729,-0.093384,0.107239,-0.4966,16.3434,0
10.4200,2238087,0.726135,-0.672729,-0.093262,0.107178,-0.5020,16.3283,0
10.4300,2238097,0.726074,-0.672791,-0.093201,0.107056,-0.4991,16.3128,0
10.4400,2238107,0.726013,-0.672852,-0.093201,0.106995,-0.4958,16.3074,0
10.4500,2238117,0.726013,-0.672913,-0.093201,0.106934,-0.4918,16.3027,0
10.4600,2238127,0.726013,-0.672913,-0.093140,0.106934,-0.4969,16.2978,0
10.4700,2238137,0.726013,-0.672913,-0.093140,0.106934,-0.4969,16.2978,0
10.4800,2238147,0.725952,-0.672913,-0.093079,0.106995,-0.5074,16.2975,0
10.4900,2238157,0.725952,-0.672974,-0.093018,0.107056,-0.5179,16.2986,0
10.5000,2238167,0.725952,-0.672974,-0.092957,0.107178,-0.5324,16.3043,0
10.5100,2238177,0.725891,-0.672974,-0.093018,0.107239,-0.5327,16.3137,0
10.5200,2238187,0.725891,-0.672974,-0.093079,0.107361,-0.5370,16.3292,0
10.5300,2238197,0.725891,-0.672974,-0.093140,0.107422,-0.5366,16.3394,0
10.5400,2238207,0.725830,-0.672974,-0.093201,0.107483,-0.5369,16.3488,0
10.5500,2238217,0.725830,-0.672974,-0.093201,0.107483,-0.5369,16.3488,0
10.5600,2238227,0.725830,-0.673035,-0.093262,0.107422,-0.5279,16.3490,0
10.5700,2238237,0.725830,-0.673035,-0.093262,0.107422,-0.5279,16.3490,0
10.5800,2238247,0.725769,-0.673035,-0.093201,0.107422,-0.5336,16.3434,0
10.5900,2238257,0.725769,-0.673096,-0.093201,0.107483,-0.5391,16.3494,0
10.6000,2238267,0.725769,-0.673035,-0.093140,0.107422,-0.5387,16.3386,0
10.6100,2238277,0.725769,-0.673096,-0.093079,0.107422,-0.5445,16.3343,0
10.6200,2238287,0.725769,-0.673096,-0.093018,0.107483,-0.5543,16.3347,0
10.6300,2238297,0.725769,-0.673096,-0.092896,0.107605,-0.5739,16.3355,0
10.6400,2238307,0.725708,-0.673157,-0.092896,0.107605,-0.5753,16.3354,0
10.6500,2238317,0.725769,-0.673035,-0.092896,0.107727,-0.5825,16.3455,0
10.6600,2238327,0.725891,-0.672913,-0.092957,0.107788,-0.5793,16.3559,0
10.6700,2238337,0.725952,-0.672791,-0.093018,0.107910,-0.5815,16.3708,0
10.6800,2238347,0.726013,-0.672729,-0.093079,0.108032,-0.5844,16.3864,0
10.6900,2238357,0.726013,-0.672729,-0.093140,0.108093,-0.5841,16.3966,0
10.7000,2238367,0.726013,-0.672729,-0.093140,0.108154,-0.5888,16.4019,0
10.7100,2238377,0.725952,-0.672729,-0.093140,0.108154,-0.5894,16.4012,0
10.7200,2238387,0.725952,-0.672791,-0.093140,0.108154,-0.5902,16.4018,0
10.7300,2238397,0.725952,-0.672791,-0.093140,0.108215,-0.5949,16.4071,0
10.7400,2238407,0.725891,-0.672791,-0.093079,0.108215,-0.6006,16.4015,0
10.7500,2238417,0.725891,-0.672852,-0.093079,0.108215,-0.6014,16.4021,0
10.7600,2238427,0.725891,-0.672791,-0.093079,0.108276,-0.6053,16.4068,0
10.7700,2238437,0.726013,-0.672729,-0.093079,0.108337,-0.6080,16.4129,0
10.7800,2238447,0.726074,-0.672607,-0.093079,0.108398,-0.6105,16.4177,0
10.7900,2238457,0.726196,-0.672485,-0.093201,0.108459,-0.6022,16.4329,0
10.8000,2238467,0.726196,-0.672424,-0.093262,0.108459,-0.5964,16.4372,0
10.8100,2238477,0.726196,-0.672424,-0.093262,0.108459,-0.5964,16.4372,0
10.8200,2238487,0.726135,-0.672546,-0.093262,0.108459,-0.5986,16.4377,0
10.8300,2238497,0.726013,-0.672607,-0.093262,0.108459,-0.6006,16.4369,0
10.8400,2238507,0.725952,-0.672729,-0.093262,0.108459,-0.6028,16.4374,0
10.8500,2238517,0.725952,-0.672729,-0.093201,0.108459,-0.6079,16.4325,0
10.8600,2238527,0.725952,-0.672729,-0.093262,0.108459,-0.6028,16.4374,0
10.8700,2238537,0.725952,-0.672729,-0.093323,0.108398,-0.5930,16.4370,0
10.8800,2238547,0.726013,-0.672668,-0.093323,0.108337,-0.5869,16.4318,0
10.8900,2238557,0.726074,-0.672607,-0.093384,0.108276,-0.5757,16.4315,0
10.9000,2238567,0.726135,-0.672546,-0.093445,0.108215,-0.5645,16.4312,0
10.9100,2238577,0.726135,-0.672546,-0.093506,0.108154,-0.5547,16.4307,0
10.9200,2238587,0.726135,-0.672485,-0.093506,0.108154,-0.5540,16.4301,0
10.9300,2238597,0.726196,-0.672424,-0.093506,0.108215,-0.5573,16.4355,0
10.9400,2238607,0.726257,-0.672363,-0.093445,0.108215,-0.5609,16.4307,0
10.9500,2238617,0.726318,-0.672302,-0.093445,0.108276,-0.5642,16.4361,0
10.9600,2238627,0.726318,-0.672302,-0.093506,0.108337,-0.5639,16.4463,0
10.9700,2238637,0.726196,-0.672363,-0.093567,0.108398,-0.5655,16.4557,0
10.9800,2238647,0.726135,-0.672424,-0.093750,0.108398,-0.5517,16.4702,0
10.9900,2238657,0.726135,-0.672424,-0.093933,0.108459,-0.5412,16.4902,0
11.0000,2238667,0.726135,-0.672363,-0.094116,0.108521,-0.5299,16.5095,0
11.0100,2238677,0.726257,-0.672241,-0.094360,0.108521,-0.5067,16.5292,0
11.0200,2238687,0.726257,-0.672241,-0.094421,0.108459,-0.4970,16.5288,0
11.0300,2238697,0.726257,-0.672241,-0.094421,0.108459,-0.4970,16.5288,0
11.0400,2238707,0.726257,-0.672241,-0.094421,0.108459,-0.4970,16.5288,0
11.0500,2238717,0.726257,-0.672241,-0.094421,0.108459,-0.4970,16.5288,0
11.0600,2238727,0.726318,-0.672180,-0.094360,0.108521,-0.5053,16.5293,0
11.0700,2238737,0.726318,-0.672119,-0.094299,0.108582,-0.5143,16.5291,0
11.0800,2238747,0.726318,-0.672119,-0.094238,0.108643,-0.5241,16.5295,0
11.0900,2238757,0.726257,-0.672180,-0.094177,0.108704,-0.5353,16.5298,0
11.1000,2238767,0.726196,-0.672241,-0.094116,0.108765,-0.5465,16.5302,0
11.1100,2238777,0.726196,-0.672241,-0.094177,0.108887,-0.5508,16.5456,0
11.1200,2238787,0.726196,-0.672241,-0.094238,0.108948,-0.5505,16.5558,0
11.1300,2238797,0.726196,-0.672180,-0.094360,0.109070,-0.5490,16.5756,0
11.1400,2238807,0.726196,-0.672180,-0.094482,0.109192,-0.5482,16.5959,0
11.1500,2238817,0.726135,-0.672180,-0.094604,0.109314,-0.5481,16.6156,0
11.1600,2238827,0.726074,-0.672180,-0.094727,0.109375,-0.5433,16.6299,0
11.1700,2238837,0.726013,-0.672302,-0.094788,0.109436,-0.5451,16.6407,0
11.1800,2238847,0.725891,-0.672424,-0.094788,0.109436,-0.5480,16.6405,0
11.1900,2238857,0.725830,-0.672485,-0.094788,0.109436,-0.5494,16.6404,0
11.2000,2238867,0.725891,-0.672424,-0.094727,0.109497,-0.5578,16.6409,0
11.2100,2238877,0.725952,-0.672363,-0.094666,0.109497,-0.5614,16.6361,0
11.2200,2238887,0.726013,-0.672241,-0.094604,0.109558,-0.5690,16.6360,0
11.2300,2238897,0.726074,-0.672241,-0.094543,0.109497,-0.5687,16.6265,0
11.2400,2238907,0.726074,-0.672241,-0.094421,0.109436,-0.5742,16.6114,0
11.2500,2238917,0.726013,-0.672302,-0.094421,0.109314,-0.5662,16.6007,0
11.2600,2238927,0.725952,-0.672424,-0.094421,0.109192,-0.5590,16.5907,0
11.2700,2238937,0.725952,-0.672424,-0.094482,0.109009,-0.5398,16.5796,0
11.2800,2238947,0.726013,-0.672363,-0.094482,0.108948,-0.5337,16.5744,0
11.2900,2238957,0.726135,-0.672302,-0.094543,0.108948,-0.5265,16.5802,0
11.3000,2238967,0.726196,-0.672180,-0.094543,0.108887,-0.5196,16.5743,0
11.3100,2238977,0.726257,-0.672180,-0.094543,0.108948,-0.5236,16.5803,0
11.3200,2238987,0.726196,-0.672180,-0.094482,0.108948,-0.5294,16.5747,0
11.3300,2238997,0.726196,-0.672180,-0.094482,0.108948,-0.5294,16.5747,0
11.3400,2239007,0.726196,-0.672180,-0.094482,0.109009,-0.5341,16.5800,0
11.3500,2239017,0.726196,-0.672180,-0.094421,0.109070,-0.5439,16.5805,0
11.3600,2239027,0.726196,-0.672241,-0.094299,0.109070,-0.5548,16.5713,0
11.3700,2239037,0.726135,-0.672241,-0.094177,0.109131,-0.5703,16.5661,0
11.3800,2239047,0.726196,-0.672241,-0.094116,0.109070,-0.5700,16.5567,0
11.3900,2239057,0.726257,-0.672180,-0.094116,0.109131,-0.5733,16.5621,0
11.4000,2239067,0.726318,-0.672058,-0.094116,0.109070,-0.5664,16.5562,0
11.4100,2239077,0.726440,-0.671936,-0.094177,0.109009,-0.5538,16.5560,0
11.4200,2239087,0.726501,-0.671875,-0.094238,0.108948,-0.5426,16.5557,0
11.4300,2239097,0.726501,-0.671875,-0.094238,0.108948,-0.5426,16.5557,0
11.4400,2239107,0.726440,-0.671997,-0.094238,0.108948,-0.5448,16.5562,0
11.4500,2239117,0.726379,-0.671997,-0.094238,0.109070,-0.5548,16.5661,0
11.4600,2239127,0.726318,-0.672058,-0.094177,0.109253,-0.5754,16.5770,0
11.4700,2239137,0.726379,-0.671936,-0.094238,0.109436,-0.5823,16.5973,0
11.4800,2239147,0.726501,-0.671814,-0.094299,0.109680,-0.5931,16.6236,0
11.4900,2239157,0.726562,-0.671692,-0.094421,0.109863,-0.5949,16.6488,0
11.5000,2239167,0.726501,-0.671692,-0.094543,0.109985,-0.5948,16.6684,0
11.5100,2239177,0.726379,-0.671753,-0.094666,0.110046,-0.5914,16.6826,0
11.5200,2239187,0.726318,-0.671875,-0.094666,0.110046,-0.5936,16.6832,0
11.5300,2239197,0.726257,-0.671936,-0.094482,0.109924,-0.6009,16.6578,0
11.5400,2239207,0.726318,-0.671936,-0.094360,0.109863,-0.6057,16.6435,0
11.5500,2239217,0.726257,-0.671997,-0.094299,0.109741,-0.6028,16.6279,0
11.5600,2239227,0.726318,-0.671997,-0.094177,0.109680,-0.6076,16.6136,0
11.5700,2239237,0.726379,-0.671875,-0.094116,0.109680,-0.6105,16.6081,0
11.5800,2239247,0.726501,-0.671814,-0.094116,0.109680,-0.6084,16.6090,0
11.5900,2239257,0.726440,-0.671814,-0.094055,0.109741,-0.6188,16.6087,0
11.6000,2239267,0.726440,-0.671875,-0.094055,0.109802,-0.6243,16.6146,0
11.6100,2239277,0.726318,-0.671997,-0.093994,0.109863,-0.6369,16.6148,0
11.6200,2239287,0.726196,-0.672058,-0.093933,0.109924,-0.6488,16.6144,0
11.6300,2239297,0.726196,-0.672119,-0.093933,0.109985,-0.6543,16.6203,0
11.6400,2239307,0.726257,-0.672058,-0.093994,0.110046,-0.6525,16.6306,0
11.6500,2239317,0.726257,-0.671936,-0.094055,0.110168,-0.6552,16.6449,0
11.6600,2239327,0.726318,-0.671875,-0.094177,0.110229,-0.6483,16.6601,0
11.6700,2239337,0.726318,-0.671875,-0.094299,0.110291,-0.6429,16.6751,0
11.6800,2239347,0.726318,-0.671875,-0.094421,0.110291,-0.6327,16.6849,0
11.6900,2239357,0.726257,-0.671936,-0.094360,0.110291,-0.6392,16.6799,0
11.7000,2239367,0.726257,-0.671936,-0.094360,0.110291,-0.6392,16.6799,0
11.7100,2239377,0.726257,-0.671875,-0.094360,0.110352,-0.6432,16.6846,0
11.7200,2239387,0.726379,-0.671814,-0.094360,0.110352,-0.6411,16.6854,0
11.7300,2239397,0.726440,-0.671692,-0.094299,0.110352,-0.6440,16.6800,0
11.7400,2239407,0.726501,-0.671631,-0.094299,0.110352,-0.6425,16.6801,0
11.7500,2239417,0.726501,-0.671692,-0.094299,0.110413,-0.6480,16.6861,0
11.7600,2239427,0.726440,-0.671753,-0.094299,0.110413,-0.6494,16.6860,0
11.7700,2239437,0.726379,-0.671814,-0.094238,0.110352,-0.6512,16.6757,0
11.7800,2239447,0.726379,-0.671814,-0.094177,0.110413,-0.6610,16.6761,0
11.7900,2239457,0.726440,-0.671753,-0.094177,0.110413,-0.6596,16.6762,0
11.8000,2239467,0.726501,-0.671692,-0.094177,0.110474,-0.6629,16.6816,0
11.8100,2239477,0.726562,-0.671570,-0.094177,0.110596,-0.6700,16.6917,0
11.8200,2239487,0.726624,-0.671509,-0.094177,0.110718,-0.6780,16.7025,0
11.8300,2239497,0.726624,-0.671448,-0.094177,0.110779,-0.6819,16.7071,0
11.8400,2239507,0.726624,-0.671448,-0.094177,0.110901,-0.6913,16.7178,0
11.8500,2239517,0.726624,-0.671448,-0.094177,0.110962,-0.6960,16.7231,0
11.8600,2239527,0.726562,-0.671448,-0.094238,0.111023,-0.6963,16.7325,0
11.8700,2239537,0.726562,-0.671509,-0.094299,0.111145,-0.7014,16.7487,0
11.8800,2239547,0.726501,-0.671509,-0.094360,0.111206,-0.7017,16.7581,0
11.8900,2239557,0.726440,-0.671570,-0.094360,0.111206,-0.7031,16.7580,0
11.9000,2239567,0.726318,-0.671692,-0.094360,0.111206,-0.7060,16.7578,0
11.9100,2239577,0.726257,-0.671814,-0.094299,0.111206,-0.7133,16.7534,0
11.9200,2239587,0.726196,-0.671875,-0.094238,0.111145,-0.7151,16.7431,0
11.9300,2239597,0.726257,-0.671814,-0.094116,0.111084,-0.7191,16.7282,0
11.9400,2239607,0.726379,-0.671692,-0.094177,0.111084,-0.7112,16.7333,0
11.9500,2239617,0.726440,-0.671631,-0.094238,0.110962,-0.6952,16.7276,0
11.9600,2239627,0.726562,-0.671509,-0.094299,0.110840,-0.6779,16.7221,0
11.9700,2239637,0.726624,-0.671509,-0.094421,0.110718,-0.6577,16.7220,0
11.9800,2239647,0.726624,-0.671509,-0.094421,0.110535,-0.6436,16.7060,0
11.9900,2239657,0.726624,-0.671509,-0.094482,0.110413,-0.6291,16.7003,0
12.0000,2239667,0.726624,-0.671509,-0.094421,0.110352,-0.6295,16.6901,0
12.0100,2239677,0.726562,-0.671570,-0.094421,0.110291,-0.6262,16.6847,0
12.0200,2239687,0.726562,-0.671570,-0.094421,0.110291,-0.6262,16.6847,0
12.0300,2239697,0.726562,-0.671631,-0.094421,0.110291,-0.6270,16.6853,0
12.0400,2239707,0.726624,-0.671509,-0.094299,0.110229,-0.6303,16.6697,0
12.0500,2239717,0.726685,-0.671448,-0.094177,0.110229,-0.6390,16.6601,0
12.0600,2239727,0.726746,-0.671448,-0.094116,0.110107,-0.6340,16.6453,0
12.0700,2239737,0.726807,-0.671387,-0.094177,0.110046,-0.6228,16.6450,0
12.0800,2239747,0.726868,-0.671326,-0.094238,0.109985,-0.6116,16.6447,0
12.0900,2239757,0.726929,-0.671265,-0.094360,0.109924,-0.5953,16.6492,0
12.1000,2239767,0.726990,-0.671204,-0.094360,0.109863,-0.5892,16.6440,0
12.1100,2239777,0.727051,-0.671143,-0.094421,0.109802,-0.5780,16.6437,0
12.1200,2239787,0.727051,-0.671143,-0.094421,0.109802,-0.5780,16.6437,0
12.1300,2239797,0.727051,-0.671143,-0.094421,0.109802,-0.5780,16.6437,0
12.1400,2239807,0.726929,-0.671265,-0.094360,0.109863,-0.5906,16.6439,0
12.1500,2239817,0.726807,-0.671387,-0.094360,0.109924,-0.5982,16.6490,0
12.1600,2239827,0.726685,-0.671509,-0.094238,0.109985,-0.6159,16.6443,0
12.1700,2239837,0.726624,-0.671570,-0.094177,0.110046,-0.6271,16.6447,0
12.1800,2239847,0.726624,-0.671570,-0.094116,0.110107,-0.6369,16.6451,0
12.1900,2239857,0.726746,-0.671448,-0.094116,0.110168,-0.6387,16.6506,0
12.2000,2239867,0.726868,-0.671326,-0.094116,0.110229,-0.6406,16.6562,0
12.2100,2239877,0.726929,-0.671204,-0.094177,0.110291,-0.6380,16.6658,0
12.2200,2239887,0.726929,-0.671204,-0.094177,0.110291,-0.6380,16.6658,0
12.2300,2239897,0.726929,-0.671265,-0.094177,0.110229,-0.6341,16.6611,0
12.2400,2239907,0.726868,-0.671326,-0.094177,0.110229,-0.6355,16.6610,0
12.2500,2239917,0.726868,-0.671326,-0.094177,0.110229,-0.6355,16.6610,0
12.2600,2239927,0.726868,-0.671326,-0.094177,0.110229,-0.6355,16.6610,0
12.2700,2239937,0.726807,-0.671326,-0.094238,0.110291,-0.6358,16.6705,0
12.2800,2239947,0.726685,-0.671448,-0.094238,0.110352,-0.6433,16.6756,0
12.2900,2239957,0.726624,-0.671509,-0.094238,0.110596,-0.6635,16.6967,0
12.3000,2239967,0.726685,-0.671387,-0.094238,0.110718,-0.6707,16.7068,0
12.3100,2239977,0.726807,-0.671265,-0.094238,0.110779,-0.6725,16.7124,0
12.3200,2239987,0.726868,-0.671143,-0.094299,0.110901,-0.6746,16.7273,0
12.3300,2239997,0.726929,-0.671082,-0.094360,0.110962,-0.6728,16.7376,0
12.3400,2240007,0.726929,-0.671082,-0.094360,0.111023,-0.6775,16.7430,0
12.3500,2240017,0.726990,-0.671021,-0.094421,0.111023,-0.6710,16.7479,0
12.3600,2240027,0.727051,-0.670959,-0.094421,0.111084,-0.6742,16.7534,0
12.3700,2240037,0.727173,-0.670776,-0.094421,0.111084,-0.6706,16.7530,0
12.3800,2240047,0.727295,-0.670654,-0.094421,0.111145,-0.6724,16.7585,0
12.3900,2240057,0.727417,-0.670471,-0.094482,0.111145,-0.6637,16.7630,0
12.4000,2240067,0.727661,-0.670288,-0.094543,0.111145,-0.6536,16.7689,0
12.4100,2240077,0.727783,-0.670105,-0.094543,0.111145,-0.6499,16.7685,0
12.4200,2240087,0.727905,-0.669983,-0.094543,0.111084,-0.6424,16.7634,0
12.4300,2240097,0.727844,-0.670044,-0.094543,0.111023,-0.6391,16.7580,0
12.4400,2240107,0.727722,-0.670166,-0.094543,0.110901,-0.6326,16.7471,0
12.4500,2240117,0.727661,-0.670288,-0.094482,0.110840,-0.6352,16.7374,0
12.4600,2240127,0.727661,-0.670288,-0.094421,0.110840,-0.6403,16.7326,0
12.4700,2240137,0.727722,-0.670227,-0.094421,0.110779,-0.6342,16.7274,0
12.4800,2240147,0.727905,-0.670044,-0.094482,0.110718,-0.6201,16.7272,0
12.4900,2240157,0.728088,-0.669861,-0.094543,0.110657,-0.6060,16.7271,0
12.5000,2240167,0.728210,-0.669739,-0.094604,0.110535,-0.5887,16.7215,0
12.5100,2240177,0.728210,-0.669739,-0.094727,0.110413,-0.5692,16.7206,0
12.5200,2240187,0.728149,-0.669800,-0.094910,0.110229,-0.5413,16.7192,0
12.5300,2240197,0.728088,-0.669861,-0.095032,0.110107,-0.5231,16.7182,0
12.5400,2240207,0.728149,-0.669861,-0.095093,0.110046,-0.5127,16.7185,0
12.5500,2240217,0.728271,-0.669678,-0.095154,0.109985,-0.4993,16.7176,0
12.5600,2240227,0.728333,-0.669617,-0.095093,0.109924,-0.4983,16.7075,0
12.5700,2240237,0.728394,-0.669556,-0.095032,0.109924,-0.5019,16.7027,0
12.5800,2240247,0.728394,-0.669556,-0.095032,0.109924,-0.5019,16.7027,0
12.5900,2240257,0.728394,-0.669556,-0.095032,0.109924,-0.5019,16.7027,0
12.6000,2240267,0.728455,-0.669495,-0.095032,0.109924,-0.5005,16.7028,0
12.6100,2240277,0.728516,-0.669434,-0.095032,0.109985,-0.5037,16.7082,0
12.6200,2240287,0.728638,-0.669312,-0.095093,0.110046,-0.5004,16.7186,0
12.6300,2240297,0.728699,-0.669189,-0.095093,0.110107,-0.5029,16.7234,0
12.6400,2240307,0.728760,-0.669128,-0.095093,0.110107,-0.5015,16.7235,0
12.6500,2240317,0.728821,-0.669067,-0.095093,0.110107,-0.5000,16.7236,0
12.6600,2240327,0.728821,-0.669067,-0.095093,0.110107,-0.5000,16.7236,0
12.6700,2240337,0.728821,-0.669067,-0.095154,0.110046,-0.4903,16.7231,0
12.6800,2240347,0.728821,-0.669128,-0.095215,0.109985,-0.4813,16.7233,0
12.6900,2240357,0.728821,-0.669067,-0.095276,0.109924,-0.4707,16.7222,0
12.7000,2240367,0.728821,-0.669067,-0.095276,0.109924,-0.4707,16.7222,0
12.7100,2240377,0.728943,-0.668945,-0.095276,0.109985,-0.4725,16.7277,0
12.7200,2240387,0.729004,-0.668884,-0.095276,0.110107,-0.4804,16.7385,0
12.7300,2240397,0.728943,-0.668884,-0.095276,0.110229,-0.4905,16.7484,0
12.7400,2240407,0.728943,-0.668884,-0.095215,0.110413,-0.5096,16.7595,0
12.7500,2240417,0.728882,-0.668884,-0.095215,0.110596,-0.5243,16.7748,0
12.7600,2240427,0.728882,-0.668884,-0.095215,0.110779,-0.5383,16.7908,0
12.7700,2240437,0.728882,-0.668823,-0.095215,0.110901,-0.5469,16.8008,0
12.7800,2240447,0.728943,-0.668762,-0.095337,0.111023,-0.5446,16.8213,0
12.7900,2240457,0.729004,-0.668640,-0.095398,0.111145,-0.5467,16.8363,0
12.8000,2240467,0.729065,-0.668579,-0.095398,0.111206,-0.5499,16.8417,0
12.8100,2240477,0.729187,-0.668457,-0.095337,0.111328,-0.5615,16.8477,0
12.8200,2240487,0.729370,-0.668274,-0.095276,0.111389,-0.5669,16.8485,0
12.8300,2240497,0.729492,-0.668091,-0.095215,0.111450,-0.5730,16.8486,0
12.8400,2240507,0.729614,-0.667969,-0.095154,0.111450,-0.5752,16.8439,0
12.8500,2240517,0.729614,-0.667969,-0.095154,0.111450,-0.5752,16.8439,0
12.8600,2240527,0.729492,-0.668091,-0.095215,0.111450,-0.5730,16.8486,0
12.8700,2240537,0.729370,-0.668213,-0.095154,0.111450,-0.5810,16.8435,0
12.8800,2240547,0.729309,-0.668335,-0.095093,0.111511,-0.5930,16.8445,0
12.8900,2240557,0.729309,-0.668335,-0.095032,0.111572,-0.6028,16.8450,0
12.9000,2240567,0.729370,-0.668274,-0.095032,0.111633,-0.6060,16.8504,0
12.9100,2240577,0.729431,-0.668091,-0.095032,0.111694,-0.6077,16.8546,0
12.9200,2240587,0.729553,-0.667969,-0.095032,0.111755,-0.6095,16.8601,0
12.9300,2240597,0.729675,-0.667908,-0.095093,0.111816,-0.6069,16.8712,0
12.9400,2240607,0.729736,-0.667847,-0.095093,0.111816,-0.6055,16.8713,0
12.9500,2240617,0.729736,-0.667786,-0.095154,0.111755,-0.5949,16.8702,0
12.9600,2240627,0.729797,-0.667786,-0.095215,0.111694,-0.5845,16.8705,0
12.9700,2240637,0.729797,-0.667786,-0.095215,0.111633,-0.5798,16.8651,0
12.9800,2240647,0.729797,-0.667786,-0.095154,0.111572,-0.5802,16.8549,0
12.9900,2240657,0.729797,-0.667786,-0.095093,0.111511,-0.5807,16.8447,0
13.0000,2240667,0.729797,-0.667786,-0.095093,0.111511,-0.5807,16.8447,0
13.0100,2240677,0.729858,-0.667725,-0.095154,0.111511,-0.5741,16.8497,0
13.0200,2240687,0.729919,-0.667664,-0.095154,0.111450,-0.5680,16.8445,0
13.0300,2240697,0.729919,-0.667603,-0.095276,0.111389,-0.5523,16.8482,0
13.0400,2240707,0.729919,-0.667603,-0.095459,0.111389,-0.5370,16.8628,0
13.0500,2240717,0.729919,-0.667603,-0.095703,0.111328,-0.5119,16.8769,0
13.0600,2240727,0.729919,-0.667542,-0.095764,0.111328,-0.5060,16.8811,0
13.0700,2240737,0.729980,-0.667480,-0.095764,0.111328,-0.5046,16.8812,0
13.0800,2240747,0.730103,-0.667358,-0.095764,0.111328,-0.5017,16.8814,0
13.0900,2240757,0.730164,-0.667297,-0.095764,0.111328,-0.5003,16.8815,0
13.1000,2240767,0.730225,-0.667236,-0.095703,0.111389,-0.5086,16.8821,0
13.1100,2240777,0.730225,-0.667236,-0.095703,0.111389,-0.5086,16.8821,0
13.1200,2240787,0.730164,-0.667297,-0.095703,0.111328,-0.5054,16.8766,0
13.1300,2240797,0.730103,-0.667419,-0.095764,0.111328,-0.5025,16.8820,0
13.1400,2240807,0.729980,-0.667480,-0.095764,0.111328,-0.5046,16.8812,0
13.1500,2240817,0.729980,-0.667480,-0.095764,0.111328,-0.5046,16.8812,0
13.1600,2240827,0.729980,-0.667480,-0.095764,0.111328,-0.5046,16.8812,0
13.1700,2240837,0.729980,-0.667480,-0.095825,0.111389,-0.5042,16.8914,0
13.1800,2240847,0.729980,-0.667480,-0.095886,0.111389,-0.4991,16.8962,0
13.1900,2240857,0.729919,-0.667542,-0.095886,0.111389,-0.5005,16.8961,0
13.2000,2240867,0.729858,-0.667603,-0.095886,0.111328,-0.4973,16.8907,0
13.2100,2240877,0.729858,-0.667603,-0.095886,0.111328,-0.4973,16.8907,0
13.2200,2240887,0.729919,-0.667542,-0.095886,0.111389,-0.5005,16.8961,0
13.2300,2240897,0.730042,-0.667480,-0.095825,0.111328,-0.4988,16.8868,0
13.2400,2240907,0.730103,-0.667358,-0.095764,0.111328,-0.5017,16.8814,0
13.2500,2240917,0.730225,-0.667236,-0.095764,0.111328,-0.4988,16.8816,0
13.2600,2240927,0.730225,-0.667236,-0.095764,0.111328,-0.4988,16.8816,0
13.2700,2240937,0.730164,-0.667358,-0.095703,0.111267,-0.5015,16.8719,0
13.2800,2240947,0.730042,-0.667480,-0.095642,0.111206,-0.5048,16.8615,0
13.2900,2240957,0.730042,-0.667542,-0.095581,0.111145,-0.5060,16.8520,0
13.3000,2240967,0.730042,-0.667542,-0.095459,0.111145,-0.5162,16.8423,0
13.3100,2240977,0.730286,-0.667297,-0.095154,0.111328,-0.5500,16.8344,0
13.3200,2240987,0.730408,-0.667114,-0.095093,0.111450,-0.5608,16.8398,0
13.3300,2240997,0.730530,-0.666992,-0.095032,0.111572,-0.5723,16.8459,0
13.3400,2241007,0.730591,-0.666870,-0.095093,0.111633,-0.5696,16.8556,0
13.3500,2241017,0.730652,-0.666748,-0.095154,0.111694,-0.5670,16.8652,0
13.3600,2241027,0.730713,-0.666687,-0.095276,0.111816,-0.5646,16.8857,0
13.3700,2241037,0.730774,-0.666565,-0.095398,0.111877,-0.5568,16.9002,0
13.3800,2241047,0.730835,-0.666504,-0.095520,0.111938,-0.5498,16.9154,0
13.3900,2241057,0.730835,-0.666504,-0.095520,0.111938,-0.5498,16.9154,0
13.4000,2241067,0.730774,-0.666565,-0.095520,0.111877,-0.5466,16.9099,0
13.4100,2241077,0.730713,-0.666626,-0.095520,0.111877,-0.5481,16.9098,0
13.4200,2241087,0.730652,-0.666687,-0.095520,0.111877,-0.5495,16.9097,0
13.4300,2241097,0.730652,-0.666687,-0.095520,0.111877,-0.5495,16.9097,0
13.4400,2241107,0.730713,-0.666626,-0.095520,0.111877,-0.5481,16.9098,0
13.4500,2241117,0.730774,-0.666565,-0.095520,0.111938,-0.5513,16.9153,0
13.4600,2241127,0.730835,-0.666443,-0.095642,0.111938,-0.5388,16.9245,0
13.4700,2241137,0.730896,-0.666443,-0.095764,0.111938,-0.5279,16.9349,0
13.4800,2241147,0.730835,-0.666504,-0.095886,0.111877,-0.5145,16.9392,0
13.4900,2241157,0.730774,-0.666565,-0.095947,0.111816,-0.5062,16.9386,0
13.5000,2241167,0.730774,-0.666565,-0.095947,0.111816,-0.5062,16.9386,0
13.5100,2241177,0.730835,-0.666443,-0.095947,0.111816,-0.5039,16.9380,0
13.5200,2241187,0.730896,-0.666382,-0.095947,0.111877,-0.5071,16.9435,0
13.5300,2241197,0.730957,-0.666321,-0.095886,0.111877,-0.5108,16.9387,0
13.5400,2241207,0.731018,-0.666260,-0.095825,0.112000,-0.5238,16.9447,0
13.5500,2241217,0.731018,-0.666260,-0.095764,0.112061,-0.5336,16.9452,0
13.5600,2241227,0.731079,-0.666138,-0.095581,0.112244,-0.5606,16.9462,0
13.5700,2241237,0.731079,-0.666138,-0.095581,0.112244,-0.5606,16.9462,0
13.5800,2241247,0.731079,-0.666138,-0.095581,0.112244,-0.5606,16.9462,0
13.5900,2241257,0.731018,-0.666260,-0.095581,0.112244,-0.5629,16.9467,0
13.6000,2241267,0.730957,-0.666321,-0.095642,0.112183,-0.5546,16.9461,0
13.6100,2241277,0.730957,-0.666321,-0.095642,0.112183,-0.5546,16.9461,0
13.6200,2241287,0.730957,-0.666321,-0.095581,0.112183,-0.5597,16.9412,0
13.6300,2241297,0.731018,-0.666260,-0.095581,0.112183,-0.5582,16.9413,0
13.6400,2241307,0.731018,-0.666260,-0.095581,0.112183,-0.5582,16.9413,0
13.6500,2241317,0.731018,-0.666260,-0.095581,0.112183,-0.5582,16.9413,0
13.6600,2241327,0.731079,-0.666199,-0.095581,0.112183,-0.5568,16.9414,0
13.6700,2241337,0.731140,-0.666138,-0.095581,0.112244,-0.5600,16.9469,0
13.6800,2241347,0.731201,-0.666016,-0.095642,0.112305,-0.5573,16.9566,0
13.6900,2241357,0.731201,-0.666016,-0.095642,0.112305,-0.5573,16.9566,0
13.7000,2241367,0.731079,-0.666199,-0.095642,0.112244,-0.5563,16.9516,0
13.7100,2241377,0.730835,-0.666443,-0.095703,0.112244,-0.5570,16.9560,0
13.7200,2241387,0.730591,-0.666687,-0.095764,0.112183,-0.5531,16.9551,0
13.7300,2241397,0.730469,-0.666809,-0.095764,0.112183,-0.5560,16.9549,0
13.7400,2241407,0.730408,-0.666870,-0.095886,0.112183,-0.5472,16.9645,0
13.7500,2241417,0.730408,-0.666870,-0.096008,0.112183,-0.5370,16.9742,0
13.7600,2241427,0.730469,-0.666748,-0.096252,0.112183,-0.5143,16.9931,0
13.7700,2241437,0.730591,-0.666626,-0.096436,0.112183,-0.4961,17.0078,0
13.7800,2241447,0.730713,-0.666443,-0.096558,0.112122,-0.4775,17.0118,0
13.7900,2241457,0.730835,-0.666321,-0.096619,0.112061,-0.4648,17.0115,0
13.8000,2241467,0.730835,-0.666260,-0.096619,0.112061,-0.4640,17.0108,0
13.8100,2241477,0.730896,-0.666321,-0.096558,0.112000,-0.4646,17.0020,0
13.8200,2241487,0.730896,-0.666321,-0.096313,0.111877,-0.4757,16.9719,0
13.8300,2241497,0.730896,-0.666382,-0.096130,0.111816,-0.4871,16.9527,0
13.8400,2241507,0.730957,-0.666321,-0.096008,0.111877,-0.5006,16.9484,0
13.8500,2241517,0.731018,-0.666260,-0.095886,0.112000,-0.5187,16.9495,0
13.8600,2241527,0.731079,-0.666138,-0.095764,0.112183,-0.5406,16.9553,0
13.8700,2241537,0.731140,-0.666077,-0.095703,0.112366,-0.5583,16.9667,0
13.8800,2241547,0.731079,-0.666138,-0.095764,0.112549,-0.5686,16.9874,0
13.8900,2241557,0.730896,-0.666260,-0.095886,0.112671,-0.5713,17.0069,0
13.9000,2241567,0.730652,-0.666504,-0.095947,0.112793,-0.5813,17.0220,0
13.9100,2241577,0.730469,-0.666626,-0.096069,0.112976,-0.5887,17.0467,0
13.9200,2241587,0.730408,-0.666687,-0.096191,0.113098,-0.5893,17.0670,0
13.9300,2241597,0.730530,-0.666565,-0.096252,0.113220,-0.5905,17.0828,0
13.9400,2241607,0.730652,-0.666321,-0.096313,0.113281,-0.5856,17.0919,0
13.9500,2241617,0.730774,-0.666199,-0.096375,0.113342,-0.5822,17.1024,0
13.9600,2241627,0.730713,-0.666321,-0.096436,0.113281,-0.5747,17.1024,796
13.9700,2241637,0.730530,-0.666504,-0.096436,0.113159,-0.5698,17.0914,0
13.9800,2241647,0.730164,-0.666870,-0.096558,0.113159,-0.5683,17.1004,0
13.9900,2241657,0.729431,-0.667603,-0.096924,0.113281,-0.5647,17.1389,0
14.0000,2241667,0.729492,-0.667542,-0.096924,0.113342,-0.5679,17.1444,0
14.0100,2241677,0.729614,-0.667419,-0.096924,0.113403,-0.5696,17.1499,0
14.0200,2241687,0.729614,-0.667419,-0.096924,0.113403,-0.5696,17.1499,0
14.0300,2241697,0.729614,-0.667419,-0.096924,0.113403,-0.5696,17.1499,0
14.0400,2241707,0.729614,-0.667419,-0.096924,0.113403,-0.5696,17.1499,0
14.0500,2241717,0.729675,-0.667358,-0.096985,0.113403,-0.5630,17.1549,0
14.0600,2241727,0.729675,-0.667236,-0.097046,0.113525,-0.5657,17.1692,0
14.0700,2241737,0.729614,-0.667297,-0.097229,0.113647,-0.5612,17.1943,0
14.0800,2241747,0.729553,-0.667358,-0.097229,0.113708,-0.5673,17.1995,0
14.0900,2241757,0.729492,-0.667358,-0.097290,0.113770,-0.5676,17.2090,0
14.1000,2241767,0.729614,-0.667236,-0.097290,0.113831,-0.5693,17.2146,0
14.1100,2241777,0.729919,-0.666931,-0.097351,0.113892,-0.5614,17.2253,0
14.1200,2241787,0.730286,-0.666504,-0.097351,0.113892,-0.5518,17.2253,0
14.1300,2241797,0.730591,-0.666199,-0.097290,0.113831,-0.5448,17.2157,0
14.1400,2241807,0.730652,-0.666138,-0.097168,0.113708,-0.5443,17.1954,0
14.1500,2241817,0.730591,-0.666260,-0.097046,0.113464,-0.5381,17.1648,0
14.1600,2241827,0.730408,-0.666565,-0.096985,0.113281,-0.5352,17.1449,0
14.1700,2241837,0.730225,-0.666748,-0.096924,0.113098,-0.5308,17.1236,0
14.1800,2241847,0.730164,-0.666870,-0.096863,0.112915,-0.5241,17.1033,0
14.1900,2241857,0.730164,-0.666870,-0.096924,0.112915,-0.5190,17.1081,0
14.2000,2241867,0.730286,-0.666748,-0.096863,0.112976,-0.5259,17.1089,0
14.2100,2241877,0.730347,-0.666626,-0.096863,0.112976,-0.5236,17.1083,0
14.2200,2241887,0.730408,-0.666626,-0.096802,0.112976,-0.5280,17.1042,0
14.2300,2241897,0.730408,-0.666626,-0.096802,0.113037,-0.5327,17.1096,0
14.2400,2241907,0.730408,-0.666626,-0.096802,0.113037,-0.5327,17.1096,0
14.2500,2241917,0.730408,-0.666626,-0.096802,0.113037,-0.5327,17.1096,0
14.2600,2241927,0.730469,-0.666565,-0.096741,0.113037,-0.5364,17.1048,0
14.2700,2241937,0.730530,-0.666443,-0.096741,0.113098,-0.5388,17.1096,0
14.2800,2241947,0.730591,-0.666443,-0.096741,0.113098,-0.5381,17.1104,0
14.2900,2241957,0.730530,-0.666504,-0.096741,0.113098,-0.5395,17.1103,0
14.3000,2241967,0.730408,-0.666626,-0.096741,0.113037,-0.5378,17.1047,0
14.3100,2241977,0.730347,-0.666687,-0.096741,0.113037,-0.5393,17.1046,0
14.3200,2241987,0.730286,-0.666687,-0.096741,0.113037,-0.5400,17.1038,0
14.3300,2241997,0.730286,-0.666748,-0.096741,0.113098,-0.5454,17.1098,0
14.3400,2242007,0.730225,-0.666748,-0.096802,0.113159,-0.5457,17.1193,0
14.3500,2242017,0.730164,-0.666870,-0.096802,0.113220,-0.5526,17.1252,0
14.3600,2242027,0.730103,-0.666931,-0.096741,0.113281,-0.5638,17.1255,0
14.3700,2242037,0.730042,-0.666931,-0.096802,0.113342,-0.5641,17.1350,0
14.3800,2242047,0.730103,-0.666870,-0.096741,0.113342,-0.5677,17.1302,0
14.3900,2242057,0.730164,-0.666809,-0.096802,0.113342,-0.5611,17.1352,0
14.4000,2242067,0.730225,-0.666748,-0.096802,0.113281,-0.5550,17.1300,0
14.4100,2242077,0.730225,-0.666748,-0.096924,0.113159,-0.5354,17.1290,0
14.4200,2242087,0.730103,-0.666870,-0.096924,0.113037,-0.5290,17.1181,0
14.4300,2242097,0.730042,-0.667053,-0.096985,0.112915,-0.5177,17.1134,0
14.4400,2242107,0.729919,-0.667114,-0.097046,0.112732,-0.5007,17.1014,0
14.4500,2242117,0.729858,-0.667175,-0.097107,0.112671,-0.4924,17.1008,0
14.4600,2242127,0.729858,-0.667236,-0.097168,0.112610,-0.4834,17.1010,0
14.4700,2242137,0.729797,-0.667297,-0.097168,0.112610,-0.4849,17.1009,0
14.4800,2242147,0.729736,-0.667358,-0.097229,0.112549,-0.4766,17.1003,0
14.4900,2242157,0.729675,-0.667419,-0.097290,0.112610,-0.4776,17.1104,0
14.5000,2242167,0.729492,-0.667603,-0.097290,0.112732,-0.4914,17.1208,0
14.5100,2242177,0.729187,-0.667908,-0.097290,0.112854,-0.5080,17.1309,0
14.5200,2242187,0.728821,-0.668274,-0.097168,0.113037,-0.5411,17.1366,0
14.5300,2242197,0.728455,-0.668640,-0.097107,0.113220,-0.5690,17.1471,0
14.5400,2242207,0.728271,-0.668884,-0.096985,0.113464,-0.6031,17.1590,0
14.5500,2242217,0.728149,-0.668945,-0.096924,0.113708,-0.6291,17.1746,0
14.5600,2242227,0.728149,-0.668884,-0.096802,0.113953,-0.6572,17.1856,0
14.5700,2242237,0.728333,-0.668640,-0.096680,0.114197,-0.6809,17.1969,0
14.5800,2242247,0.728394,-0.668579,-0.096436,0.114624,-0.7325,17.2149,0
14.5900,2242257,0.728149,-0.668823,-0.096252,0.114807,-0.7677,17.2158,0
14.6000,2242267,0.727722,-0.669312,-0.096069,0.114990,-0.8082,17.2170,0
14.6100,2242277,0.727173,-0.669922,-0.095947,0.115295,-0.8559,17.2335,0
14.6200,2242287,0.726562,-0.670471,-0.095825,0.115723,-0.9128,17.2591,0
14.6300,2242297,0.726074,-0.670959,-0.095764,0.116333,-0.9767,17.3065,0
14.6400,2242307,0.726562,-0.670227,-0.095703,0.117310,-1.0417,17.3856,0
14.6500,2242317,0.727295,-0.669250,-0.095703,0.118530,-1.1141,17.4917,0
14.6600,2242327,0.727112,-0.669189,-0.095825,0.119812,-1.2034,17.6108,0
14.6700,2242337,0.726868,-0.669128,-0.096008,0.121216,-1.2977,17.7448,0
14.6800,2242347,0.726501,-0.669250,-0.096130,0.122803,-1.4150,17.8904,0
14.6900,2242357,0.726013,-0.669434,-0.096252,0.124512,-1.5439,18.0457,0
14.7000,2242367,0.725464,-0.669678,-0.096313,0.126282,-1.6843,18.2014,0
14.7100,2242377,0.724915,-0.669922,-0.096375,0.128235,-1.8388,18.3733,0
14.7200,2242387,0.725403,-0.668945,-0.096191,0.130554,-2.0122,18.5601,0
14.7300,2242397,0.725952,-0.667908,-0.095886,0.133057,-2.2077,18.7543,0
14.7400,2242407,0.725586,-0.667847,-0.095886,0.135376,-2.3884,18.9541,0
14.7500,2242417,0.725220,-0.667725,-0.095886,0.137878,-2.5822,19.1698,0
14.7600,2242427,0.724854,-0.667542,-0.095886,0.140564,-2.7890,19.4015,0
14.7700,2242437,0.724426,-0.667419,-0.095947,0.143311,-2.9970,19.6437,0
14.7800,2242447,0.724854,-0.666260,-0.095703,0.146606,-3.2455,19.9140,0
14.7900,2242457,0.725037,-0.665344,-0.095520,0.149902,-3.4950,20.1891,0
14.8000,2242467,0.724976,-0.664673,-0.095520,0.153320,-3.7450,20.4894,0
14.8100,2242477,0.724121,-0.664856,-0.095886,0.156433,-3.9649,20.7875,0
14.8200,2242487,0.723267,-0.664917,-0.096313,0.159668,-4.1870,21.1006,0
14.8300,2242497,0.722595,-0.664734,-0.096802,0.163025,-4.4069,21.4309,0
14.8400,2242507,0.722168,-0.663391,-0.097778,0.169861,-4.8268,22.1109,0
14.8500,2242517,0.722412,-0.662170,-0.098206,0.173279,-5.0250,22.4503,0
14.8600,2242527,0.722900,-0.660645,-0.098633,0.176819,-5.2226,22.8037,0
14.8700,2242537,0.723450,-0.659058,-0.098999,0.180359,-5.4221,23.1544,0
14.8800,2242547,0.723877,-0.657471,-0.099304,0.184021,-5.6360,23.5110,0
14.8900,2242557,0.724304,-0.655884,-0.099609,0.187805,-5.8579,23.8808,0
14.9000,2242567,0.725037,-0.653809,-0.099365,0.192200,-6.1561,24.2681,0
14.9100,2242577,0.725769,-0.651733,-0.099182,0.196716,-6.4564,24.6748,0
14.9200,2242587,0.726196,-0.649902,-0.099426,0.200989,-6.7098,25.0907,0
14.9300,2242597,0.726746,-0.647827,-0.099670,0.205383,-6.9634,25.5210,0
14.9400,2242607,0.727295,-0.645691,-0.099854,0.209961,-7.2324,25.9663,0
14.9500,2242617,0.727905,-0.643494,-0.100037,0.214722,-7.5106,26.4334,0
14.9600,2242627,0.728394,-0.641235,-0.100159,0.219543,-7.7961,26.9018,0
14.9700,2242637,0.728882,-0.638977,-0.100342,0.224365,-8.0741,27.3783,0
14.9800,2242647,0.729187,-0.636841,-0.100586,0.229309,-8.3590,27.8722,0
14.9900,2242657,0.729187,-0.635010,-0.100830,0.234253,-8.6535,28.3654,0
15.0000,2242667,0.728760,-0.633606,-0.101135,0.239197,-8.9578,28.8607,0
15.0100,2242677,0.727966,-0.632629,-0.101379,0.244202,-9.2868,29.3559,0
15.0200,2242687,0.726807,-0.631897,-0.101501,0.249268,-9.6413,29.8444,0
15.0300,2242697,0.725525,-0.631348,-0.101440,0.254395,-10.0221,30.3269,0
15.0400,2242707,0.724243,-0.630737,-0.101257,0.259644,-10.4201,30.8151,0
15.0500,2242717,0.723083,-0.629944,-0.100891,0.264893,-10.8261,31.2942,0
15.0600,2242727,0.722046,-0.628967,-0.100403,0.270203,-11.2393,31.7756,0
15.0700,2242737,0.721130,-0.627747,-0.099731,0.275635,-11.6667,32.2609,0
15.0800,2242747,0.720398,-0.626343,-0.098938,0.281067,-12.0953,32.7449,0
15.0900,2242757,0.718933,-0.623169,-0.096863,0.292175,-12.9954,33.7144,0
15.1000,2242767,0.718201,-0.621643,-0.095642,0.297729,-13.4609,34.1945,0
15.1100,2242777,0.717346,-0.620117,-0.094360,0.303284,-13.9317,34.6722,0
15.1200,2242787,0.716431,-0.618652,-0.093018,0.308716,-14.4003,35.1364,0
15.1300,2242797,0.715393,-0.617493,-0.091553,0.313965,-14.8773,35.5758,0
15.1400,2242807,0.714050,-0.616638,-0.090149,0.319031,-15.3498,35.9975,0
15.1500,2242817,0.712341,-0.616272,-0.088684,0.323975,-15.8409,36.3984,0
15.1600,2242827,0.710205,-0.616455,-0.087280,0.328674,-16.3349,36.7709,0
